0.584955
0.584955
0.494009
0.494009
-0.437299
-0.437299
0.748449
0.748449
0.689595
0.689595
0.669567
0.669567
0.671981
0.671981
0.718732
0.718732
0.466164
0.466164
-1.048966
-1.048966
-0.742120
-0.742120
-0.568647
-0.568647
0.903450
0.903450
0.582905
0.582905
0.628065
0.628065
0.773455
0.773455
0.579518
0.579518
0.667893
0.667893
-0.982876
-0.982876
-0.778261
-0.778261
0.972411
0.972411
0.731913
0.731913
0.817511
0.817511
0.767103
0.767103
-5.389689
-5.389689
-1.052471
-1.052471
0.508153
0.508153
-0.705528
-0.705528
0.502795
0.502795
0.532310
0.532310
0.583132
0.583132
-0.815718
-0.815718
0.498508
0.498508
-0.945720
-0.945720
-0.650599
-0.650599
0.587697
0.587697
-0.628182
-0.628182
-0.597754
-0.597754
0.887100
0.887100
0.732240
0.732240
0.541007
0.541007
-0.722319
-0.722319
0.542383
0.542383
-0.689865
-0.689865
0.599375
0.599375
0.562806
0.562806
-0.983051
-0.983051
-0.820944
-0.820944
0.621782
0.621782
-0.536198
-0.536198
0.678741
0.678741
0.667975
0.667975
0.546553
0.546553
0.552338
0.552338
-0.900183
-0.900183
-0.659463
-0.659463
0.789461
0.789461
0.477657
0.477657
0.465381
0.465381
-0.688121
-0.688121
0.811778
0.811778
-0.590037
-0.590037
0.564446
0.564446
-0.589499
-0.589499
-0.868621
-0.868621
-0.671804
-0.671804
-0.746441
-0.746441
-0.567665
-0.567665
0.876116
0.876116
0.663711
0.663711
-0.528663
-0.528663
0.909131
0.909131
-6.387353
-6.387353
0.489540
0.489540
0.435857
0.435857
-0.796981
-0.796981
0.674764
0.674764
0.521255
0.521255
-0.650027
-0.650027
0.751418
0.751418
-0.799194
-0.799194
-0.623176
-0.623176
-0.707833
-0.707833
-0.495380
-0.495380
0.639038
0.639038
-0.629543
-0.629543
-0.654317
-0.654317
0.877018
0.877018
0.684578
0.684578
0.615882
0.615882
0.440450
0.440450
-0.812557
-0.812557
-0.765147
-0.765147
-0.577727
-0.577727
0.679727
0.679727
0.593303
0.593303
-0.550225
-0.550225
-0.496336
-0.496336
-0.472899
-0.472899
-0.613792
-0.613792
0.748933
0.748933
-0.655353
-0.655353
-0.564047
-0.564047
-0.622856
-0.622856
0.928128
0.928128
-0.755699
-0.755699
0.998319
0.998319
0.640519
0.640519
-0.904654
-0.904654
0.785123
0.785123
-0.964175
-0.964175
-0.822887
-0.822887
-0.471577
-0.471577
-0.730885
-0.730885
-0.331013
-0.331013
-0.527223
-0.527223
1.106932
1.106932
0.908867
0.908867
0.628711
0.628711
0.730614
0.730614
-0.544796
-0.544796
0.905278
0.905278
0.749947
0.749947
0.630220
0.630220
-0.842390
-0.842390
0.700654
0.700654
-0.892306
-0.892306
-0.678787
-0.678787
0.740037
0.740037
-0.658060
-0.658060
-0.499942
-0.499942
0.986227
0.986227
-5.448836
-5.448836
-0.791116
-0.791116
0.550763
0.550763
-0.737112
-0.737112
-0.624527
-0.624527
0.756488
0.756488
0.662711
0.662711
0.500484
0.500484
-0.911411
-0.911411
-0.771223
-0.771223
-0.610865
-0.610865
-0.573526
-0.573526
0.875921
0.875921
-0.540847
-0.540847
0.829460
0.829460
0.766793
0.766793
0.682094
0.682094
0.645602
0.645602
0.577918
0.577918
-0.742478
-0.742478
0.679175
0.679175
-0.751995
-0.751995
0.860322
0.860322
0.635385
0.635385
0.625921
0.625921
0.522530
0.522530
0.400978
0.400978
-0.850361
-0.850361
-0.710784
-0.710784
-0.614025
-0.614025
-0.501595
-0.501595
0.850163
0.850163
0.750623
0.750623
0.661252
0.661252
0.490067
0.490067
-0.808779
-0.808779
0.533022
0.533022
0.489648
0.489648
0.469196
0.469196
-0.765065
-0.765065
0.862653
0.862653
0.687501
0.687501
-0.675233
-0.675233
0.831308
0.831308
-0.800841
-0.800841
-0.579451
-0.579451
0.933774
0.933774
-0.823766
-0.823766
0.820869
0.820869
0.863456
0.863456
0.470549
0.470549
-0.578356
-0.578356
0.807918
0.807918
0.306753
0.306753
-0.970569
-0.970569
-0.778620
-0.778620
-0.645425
-0.645425
0.982309
0.982309
0.577562
0.577562
0.496478
0.496478
-0.544256
-0.544256
0.841187
0.841187
0.706724
0.706724
0.488034
0.488034
0.406071
0.406071
-0.935189
-0.935189
-0.719562
-0.719562
0.817780
0.817780
-0.636949
-0.636949
0.856960
0.856960
0.694635
0.694635
-0.660476
-0.660476
-2.465375
-2.465375
-1.049147
-1.049147
-0.690436
-0.690436
0.537543
0.537543
-0.814841
-0.814841
-0.687869
-0.687869
0.662832
0.662832
-0.932420
-0.932420
-0.745715
-0.745715
0.732418
0.732418
-0.758579
-0.758579
0.834646
0.834646
-0.711701
-0.711701
0.744430
0.744430
0.636660
0.636660
0.567899
0.567899
-0.736675
-0.736675
0.717601
0.717601
0.721252
0.721252
0.710607
0.710607
0.521401
0.521401
0.384644
0.384644
-0.842703
-0.842703
0.503389
0.503389
-0.794289
-0.794289
0.536934
0.536934
-0.754936
-0.754936
0.476619
0.476619
-0.879527
-0.879527
-0.793528
-0.793528
-0.749822
-0.749822
-0.667847
-0.667847
0.713073
0.713073
-0.966434
-0.966434
-0.669566
-0.669566
-0.567738
-0.567738
