0.734709
0.708130
-0.707147
0.500047
-0.634892
-0.814470
0.843780
-0.585966
-0.792034
-0.621990
-0.617925
0.709237
-0.622284
-0.630274
0.853839
0.617538
-0.820347
-0.831887
-0.728899
0.708639
-0.702914
-0.809356
-0.658949
0.722065
5.865340
-0.050594
0.887250
0.684603
-0.720546
-0.742718
0.800674
-0.705611
0.618900
0.772488
-0.727293
0.577979
0.734976
0.586435
0.764717
-0.847594
0.849702
-0.639394
0.674961
0.882238
0.619545
-0.729174
-0.848232
-0.544738
-0.677247
-0.758600
-0.514027
-0.670758
0.669004
0.862401
-0.668288
-0.739466
-0.863407
-0.815079
-0.742544
-0.737049
0.684948
-0.594963
-0.903522
0.763065
-0.769641
-0.557689
-0.735720
0.862468
-0.627703
0.769270
-0.543336
0.682514
0.800861
0.675382
0.666628
0.561707
0.631260
-0.700826
0.542275
0.623472
-0.801021
0.616244
-0.709801
-0.789474
-0.693096
0.738647
0.725258
0.647333
0.654003
0.918181
-0.786012
0.825607
0.690549
0.685146
-0.694040
0.717853
-0.685509
0.763881
-0.525179
0.624182
0.952792
-0.827565
0.816673
-0.694095
0.620589
-0.724821
-0.675590
0.867212
0.863801
0.709749
0.657963
-0.763997
-0.809218
0.561050
-0.688607
-0.930271
0.906745
-0.623759
0.684689
0.755633
0.620982
-0.560822
-0.731734
0.690048
0.854509
-0.516385
0.627505
0.789276
-0.666972
-0.764452
0.749041
0.685635
0.670134
-0.819785
-0.723370
-0.730412
0.648760
-0.626577
0.673111
0.743795
0.635612
0.598795
0.575224
0.542311
0.669281
0.847680
-0.877676
0.593854
0.732606
0.685644
-0.763431
-0.765983
5.368183
3.437857
-0.625745
-0.491129
0.835357
0.830695
0.676135
0.700391
0.579716
0.704516
-0.787575
-0.752785
-0.691004
0.675070
0.796342
-0.685020
-0.854795
0.902104
0.843618
0.835323
0.652111
0.736263
-0.866197
0.661369
-1.010966
-0.708148
-0.950352
0.822304
-0.894592
0.601932
-0.661360
-0.847081
0.611242
0.586546
0.599752
-0.755752
0.577845
-0.660537
0.489010
-0.580658
0.690551
0.685447
-0.702966
-0.898105
0.743976
-0.721195
-0.723375
-0.719760
0.736867
-0.732175
0.674582
-0.656377
0.605586
-0.621132
0.519064
-0.632582
-0.723197
-0.734171
0.755755
-0.550450
0.637522
0.851286
0.553108
-0.673183
3.732517
3.787159
-0.741030
1.125530
-0.731066
0.672372
-0.638840
0.564661
-0.750378
-0.695608
-0.726562
0.810118
0.687385
0.696741
-0.744410
-0.867368
0.789090
-0.686828
0.696077
-0.632144
0.608074
-0.544850
-0.784564
0.900473
-0.581197
0.551997
0.872015
-0.938736
-0.635711
-0.891844
0.842486
-0.686386
0.675890
-0.566605
0.532949
0.796207
-0.758942
0.657410
0.598125
0.514635
0.585387
0.697655
-0.814244
-0.878186
-0.666247
-0.734049
0.718882
-0.586722
-0.704356
-0.564715
0.589968
-0.542007
-0.724412
0.754736
-0.644623
-0.685200
0.489292
0.758105
-1.014703
-0.754778
-0.858042
-0.600098
0.616476
0.843370
0.523064
0.601623
-0.706128
-0.884632
-0.733458
0.602368
0.839529
-0.689659
