0.734707
0.708130
-0.707147
0.500045
-0.634892
-0.814470
0.843780
-0.585965
-0.792035
-0.621990
-0.617925
0.709236
-0.622284
-0.630274
0.853840
0.617538
-0.820347
-0.831887
-0.728899
0.708640
-0.702915
-0.809356
-0.658949
0.722066
5.865339
-0.050593
0.887249
0.684602
-0.720547
-0.742718
0.800674
-0.705611
0.618899
0.772487
-0.727293
0.577978
0.734976
0.586434
0.764717
-0.847594
0.849702
-0.639394
0.674960
0.882238
0.619545
-0.729174
-0.848232
-0.544739
-0.677247
-0.758599
-0.514027
-0.670758
0.669004
0.862401
-0.668289
-0.739464
-0.863407
-0.815078
-0.742544
-0.737049
0.684948
-0.594963
-0.903522
0.763065
-0.769641
-0.557689
-0.735719
0.862468
-0.627703
0.769270
-0.543336
0.682514
0.800861
0.675381
0.666627
0.561707
0.631260
-0.700826
0.542275
0.623472
-0.801021
0.616243
-0.709801
-0.789474
-0.693096
0.738648
0.725258
0.647334
0.654002
0.918182
-0.786012
0.825607
0.690549
0.685146
-0.694040
0.717853
-0.685509
0.763881
-0.525179
0.624182
0.952793
-0.827564
0.816673
-0.694094
0.620589
-0.724822
-0.675591
0.867213
0.863802
0.709749
0.657963
-0.763998
-0.809219
0.561050
-0.688606
-0.930272
0.906745
-0.623759
0.684688
0.755633
0.620983
-0.560822
-0.731734
0.690048
0.854509
-0.516385
0.627505
0.789276
-0.666972
-0.764452
0.749040
0.685635
0.670133
-0.819784
-0.723370
-0.730412
0.648760
-0.626577
0.673111
0.743795
0.635613
0.598794
0.575225
0.542311
0.669281
0.847681
-0.877676
0.593853
0.732606
0.685644
-0.763431
-0.765983
5.368184
3.437858
-0.625745
-0.491129
0.835357
0.830695
0.676135
0.700391
0.579715
0.704516
-0.787573
-0.752785
-0.691004
0.675069
0.796342
-0.685019
-0.854795
0.902104
0.843618
0.835323
0.652112
0.736263
-0.866197
0.661369
-1.010965
-0.708148
-0.950353
0.822303
-0.894592
0.601932
-0.661360
-0.847081
0.611242
0.586547
0.599752
-0.755752
0.577845
-0.660537
0.489010
-0.580658
0.690551
0.685447
-0.702965
-0.898104
0.743976
-0.721195
-0.723374
-0.719760
0.736867
-0.732174
0.674582
-0.656376
0.605587
-0.621133
0.519064
-0.632582
-0.723198
-0.734171
0.755755
-0.550450
0.637522
0.851286
0.553107
-0.673184
3.732517
3.787161
-0.741030
1.125530
-0.731065
0.672372
-0.638840
0.564661
-0.750377
-0.695607
-0.726562
0.810118
0.687385
0.696741
-0.744410
-0.867369
0.789090
-0.686828
0.696077
-0.632144
0.608074
-0.544850
-0.784564
0.900473
-0.581197
0.551996
0.872015
-0.938735
-0.635710
-0.891844
0.842486
-0.686385
0.675891
-0.566605
0.532949
0.796207
