-0.566245
0.703181
-0.650906
-0.684638
0.741605
0.722005
-0.689412
-0.722103
0.725070
-0.724751
0.725256
-0.693255
-0.711656
-0.738526
0.763064
0.708235
0.674439
-0.718660
0.717131
0.675665
-0.732507
-0.682134
-0.742677
0.727228
-0.697077
0.689476
-0.732928
-0.712249
-0.740322
0.715982
0.692889
0.702864
-0.754764
-0.693075
-0.737793
0.684741
-0.673028
-0.665728
0.704833
-0.710359
0.676247
0.717746
-0.716257
0.695507
0.691595
-0.670869
-0.761644
0.726332
-0.681420
-0.443424
0.753697
-0.622533
0.775271
-0.647719
-0.656033
-0.692231
0.789409
0.736099
0.768781
0.665441
-0.668132
0.661670
0.765415
0.674823
0.760799
-0.746407
-0.667460
-0.758160
0.739757
0.645548
0.688061
-0.742111
0.692853
0.611937
-0.727049
-0.763863
-0.736980
-0.722829
0.704511
0.689017
-0.736021
-0.769563
0.675175
-0.693366
0.656195
-0.683649
0.638611
0.704965
-0.743292
0.709932
0.654709
0.760877
-0.758094
0.763546
-0.718721
0.732770
0.652779
0.712225
-0.691126
0.736461
-0.692571
-0.656893
0.728062
-0.666790
-0.656837
0.763305
0.749578
-0.682716
0.764601
0.721136
-0.674514
-0.694945
-0.652622
-0.712722
0.796339
0.682118
-0.686037
-0.765401
-0.673370
0.666562
-0.673227
0.656319
0.675170
0.640599
0.667186
0.652338
0.670828
-0.768874
-0.744980
-0.739064
0.677379
0.686987
-0.812028
-0.726137
-0.768330
0.685987
-0.747498
-0.681787
-0.775559
-0.683119
-0.734473
-0.674542
-0.761834
-0.631971
-0.512085
-0.512981
-0.675497
-0.579639
-0.726574
0.798704
-0.662078
0.799400
0.764412
0.817870
0.766733
0.751543
-0.642056
0.770430
0.804316
0.745502
-0.609963
-0.696979
0.806784
0.705427
-0.631287
0.641616
-0.615435
0.651517
0.791146
0.605692
0.744288
-0.797709
0.719172
-0.786854
0.700487
-0.823587
0.675154
0.615839
0.637060
0.609457
0.597739
-0.775903
-0.824751
0.680704
0.605218
-0.729078
0.594681
-0.656284
-0.828202
0.756663
-0.794959
-0.650670
-0.652907
-0.499404
-0.722635
-0.637359
0.707005
-0.649944
0.746067
0.719461
-0.719107
-0.672225
0.737900
0.759396
-0.688282
-0.655651
-0.678546
0.726470
0.767398
0.684881
-0.669436
0.738537
-0.682121
0.685465
-0.660618
0.699250
0.723198
-0.711084
0.729041
0.673602
-0.695252
0.715694
0.703346
0.680209
0.726581
-0.755292
-0.716214
0.675465
-0.719004
-0.756549
-0.732964
0.690067
-0.724156
0.683264
0.642553
-0.773261
0.629621
0.722606
0.607720
-0.695431
-0.744850
-0.477013
-0.699739
-0.605155
0.771290
-0.656591
0.745144
0.737519
-0.654290
0.738297
0.783005
-0.706253
-0.651137
0.704662
0.776833
-0.746850
0.771633
0.648894
-0.660801
-0.773621
-0.686270
0.651044
0.739009
-0.764898
0.685247
0.636675
0.701672
0.643540
0.677099
0.633528
-0.755976
0.669753
-0.756932
0.661749
-0.754885
-0.740955
-0.768230
0.710531
-0.752695
0.720836
-0.808804
-0.678250
-0.762798
0.752718
-0.763221
-0.625752
-0.745499
-0.624203
-0.481888
-0.234982
0.829723
0.867836
-0.629495
0.807176
-0.586159
0.757510
-0.628109
-0.669987
0.845845
0.706289
0.840394
0.661279
0.758190
0.637122
0.804583
-0.797877
0.771716
-0.781506
-0.664126
-0.836552
0.718176
0.619474
-0.707861
-0.844540
0.658682
-0.839058
0.625160
0.621601
0.611944
-0.764262
-0.808856
-0.793515
-0.818457
0.690035
0.587382
-0.728024
-0.851177
0.711241
-0.805073
0.756702
-0.820743
-0.606789
-0.769269
-0.559428
-0.761287
-0.570386
0.769758
-0.610242
0.782167
0.754844
0.767911
-0.714890
-0.647907
0.717320
-0.677553
0.669639
-0.690460
-0.781063
0.746579
0.696374
-0.724694
-0.784219
-0.717503
-0.733249
-0.717867
-0.738711
0.680030
-0.749920
0.665212
0.693062
-0.783781
0.690147
0.663997
-0.712527
-0.772721
0.713608
-0.722808
0.716221
-0.742091
-0.709098
-0.692332
0.737541
0.679597
-0.724666
-0.725083
0.742737
0.718606
0.761177
-0.723098
0.726386
-0.695763
0.758372
0.666732
-0.701550
-0.551163
-0.494727
-0.617107
0.816592
-0.653038
0.777203
0.812431
0.721175
0.798871
0.734973
-0.686549
-0.683839
-0.619627
0.705693
0.824851
-0.734182
0.759877
-0.776182
0.767270
0.662202
-0.695679
0.652981
-0.672940
-0.789174
0.725639
0.657581
-0.740027
-0.809213
-0.728850
0.607713
0.683993
-0.805062
0.640764
-0.771193
-0.775488
0.714812
-0.832680
-0.748060
0.634473
-0.716363
0.612114
0.722006
-0.837748
-0.668388
0.667161
0.785110
-0.757988
-0.639848
0.544123
0.852533
-0.639071
-0.643164
0.811350
-0.651223
-0.605298
0.719273
0.836428
-0.768999
-0.569018
0.639114
-0.612432
0.675838
-0.667087
-0.797567
-0.672536
-0.755126
0.730637
-0.839735
0.730084
-0.785791
-0.719736
0.646998
-0.750441
-0.799595
-0.780887
-0.779007
-0.776708
-0.758195
-0.825061
-0.742683
-0.760551
0.704589
-0.801427
-0.701477
0.658205
-0.701962
-0.760764
-0.646426
-0.808097
-0.669656
-0.730613
-0.637170
0.684745
0.754577
-0.727259
0.753972
-0.365644
-0.554250
-0.554175
0.816339
0.913623
0.783084
-0.568558
0.725819
0.799418
-0.789993
0.778593
0.636567
0.843836
-0.791730
-0.668366
-0.853210
0.767855
-0.839289
-0.731139
-0.848650
0.700739
-0.873110
0.667979
-0.836615
-0.808413
-0.778555
-0.802945
-0.837498
-0.824581
0.668453
0.613104
0.639828
0.589390
-0.734192
-0.836817
0.743919
-0.813328
-0.645471
-0.804543
0.791412
-0.711851
0.826757
-0.742462
0.822357
-0.724238
-0.588214
-0.700419
0.866416
-0.429986
-0.412918
0.794801
0.842772
-0.666660
0.792790
0.767750
-0.674776
-0.668315
-0.669731
-0.686398
-0.609097
-0.681660
0.776420
-0.663466
-0.685364
0.773430
0.631160
0.784383
0.752070
-0.725321
-0.696919
-0.703029
-0.704978
0.725564
-0.757119
0.759954
-0.779930
0.742778
0.611336
-0.779174
0.670852
0.692750
-0.790901
0.709806
-0.754354
0.658337
0.668214
0.697517
-0.800787
-0.771195
0.694089
0.670268
0.641621
0.628540
0.693174
-0.897376
-0.748186
