-3.605622
-1.172838
-1.746229
-0.590321
-0.467410
-1.841599
-1.052081
-3.521469
-2.892846
-3.811391
-4.121207
-2.378602
-3.584407
-0.681456
-1.999316
-0.376849
-1.089671
-1.626195
-1.782752
-3.097783
3.464102
3.464101
4.902589
2.594769
5.533395
1.245945
5.606825
-0.049025
5.328382
-1.359631
4.394451
-2.658537
2.656429
-3.251258
0.946896
-2.411998
0.655222
-0.597338
2.174010
0.454671
4.003835
-0.683737
3.891572
-3.393143
1.117847
-5.195660
-2.474167
-4.000944
-3.981246
-0.216387
-2.072997
3.485497
1.874758
4.526067
5.162514
2.507854
6.062718
-0.901247
4.731526
-3.752963
2.280237
-5.161504
-0.414376
-5.084371
-2.746096
-3.521231
-3.766004
-0.615600
-2.449223
2.497770
0.946868
3.746606
4.184730
1.848000
4.572478
-1.909387
1.693932
-4.244145
-1.658252
-2.933099
-1.945592
0.636204
1.382537
2.469348
4.898979
0.000000
4.451167
-4.922303
-0.430351
-7.517798
-5.668242
-4.857292
-6.537095
0.961819
-2.449441
4.737307
2.401801
3.363501
3.322538
-1.077288
-0.121765
-3.589055
-3.845350
-1.495117
-3.681467
2.895259
0.247972
4.921558
3.823485
2.581590
3.417315
-1.434777
-0.292847
-2.713890
-3.146981
0.228622
-1.874758
4.526067
2.698345
6.030483
6.778038
3.400612
7.498093
-1.005989
5.352795
-3.937153
2.948987
-4.402181
1.957567
-3.939296
1.730561
-4.256877
0.723684
-5.251334
-1.365898
-5.503853
-3.303422
-4.264060
-3.940305
-2.370635
-3.575239
-1.128543
-3.416336
-0.709766
-3.952870
-0.087338
-4.327983
1.502631
-3.464102
3.464102
-1.492210
4.488145
0.317906
4.129964
1.061416
3.347660
1.293993
3.300003
2.338573
3.826635
4.553697
3.463995
6.577253
1.084890
6.490708
-2.628160
3.719845
-5.505626
-0.279726
-5.700082
-3.160979
-3.183177
-3.438112
0.366826
-1.306870
2.892636
1.808311
3.180021
4.187568
1.240909
4.526066
-1.874758
2.442308
-4.438456
-1.091900
-4.714519
-3.872716
-2.095922
-3.707437
1.993651
-0.266459
4.633542
4.139266
3.560898
6.069603
-0.702554
3.823480
-4.919515
-0.935216
-5.729084
-4.513306
-2.524644
-4.363169
2.121927
-1.087279
4.890522
2.563511
4.561862
4.466377
2.539934
4.761754
0.848005
4.898979
0.000000
5.538476
-1.006632
5.826987
-2.918847
4.724206
-5.005177
2.572649
-5.867262
0.888387
-5.212947
0.586784
-4.327997
0.825227
-4.565296
-0.030579
-5.615584
-2.347033
-5.690334
-4.486865
-3.551537
-4.370867
-0.123267
-1.681430
2.189775
1.714566
1.791831
3.562628
-0.675380
3.238602
-3.215123
1.874758
-4.526067
0.727291
-4.911893
-0.151210
-5.256968
-1.457332
-5.576420
-3.199363
-5.006505
-4.255954
-3.184895
-3.605622
-1.172838
-1.746229
-0.590321
-0.467410
-1.841599
-1.052081
-3.521469
-2.892846
-3.811391
-4.121207
-2.378602
-3.584407
-0.681456
-1.999316
-0.376849
-1.089671
-1.626195
-1.782752
-3.097783
3.625683
1.912776
3.573298
-1.983726
0.822246
-4.362464
-2.411147
-4.149035
-4.335213
-2.274920
-4.704713
-0.289820
-4.336504
1.005260
-3.990621
1.782191
-3.796049
2.532848
3.464102
-3.464102
2.739366
-4.422076
1.597104
-5.132801
0.183357
-5.389976
-1.288898
-5.099936
-2.607166
-4.271229
-3.606163
-2.969630
-4.136951
-1.241789
-3.931417
0.853635
-2.573834
2.990481
0.140140
4.333361
3.608349
3.810153
6.286624
1.008283
6.550014
-3.033545
4.080548
-6.149267
0.462179
-6.588576
-1.874758
-4.526067
-1.631974
-2.010236
0.281331
-1.203428
1.678443
-2.505598
1.166370
-4.369950
-0.669347
-4.947402
-2.063817
-3.859108
-1.903715
-2.357993
-0.678659
-1.907032
0.252094
-2.799962
0.050112
-4.171936
-1.077594
-5.072988
-2.501856
-5.221965
-3.881610
-4.751327
-5.067132
-3.649809
-5.607300
-1.879924
-4.898980
0.000000
-3.070249
0.832387
-1.411309
-0.064085
-1.397383
-1.849070
-3.072934
-2.637662
-4.694452
-1.380413
-4.396070
0.830431
-2.277013
1.718134
-0.506545
0.276245
-1.054865
-1.956322
-3.422252
-2.424500
-5.007347
-0.397946
-3.928573
2.052916
-1.235676
2.231487
0.091762
-0.131173
-1.566534
-2.402845
-4.526067
-1.874759
-5.512339
1.147892
-3.294150
3.504797
-0.213562
2.588197
0.217203
-0.679789
-2.863846
-2.638946
-6.593043
-0.692198
-7.249536
3.965982
-3.965168
7.593047
0.662999
7.650198
3.480307
4.962660
3.789482
2.181939
3.226505
0.674095
3.078216
-0.464675
2.561008
-2.358609
0.207507
-4.116334
-3.464102
-3.464102
-5.577538
0.297047
-3.730527
4.639025
1.060419
5.835614
4.894476
2.751908
4.769584
-1.839127
1.560458
-4.080965
-1.154639
-2.995069
-1.143933
-1.181081
0.126982
-1.491755
-0.473454
-3.525637
-3.683311
-4.045506
-6.536016
-0.933509
-5.502669
3.872113
-0.640933
6.008541
4.023963
3.280055
4.526067
-1.874758
1.041386
-4.885160
-2.493598
-3.837192
-2.812935
-1.272414
-0.864804
-1.032518
-0.523383
-3.721994
-3.942106
-5.904942
-8.791280
-3.965000
-10.527317
1.666298
-7.242194
6.634331
-1.788898
7.053401
1.108586
3.418708
-0.404110
-0.102844
-3.757250
-0.073162
-5.006117
2.918994
-2.958639
5.386019
0.000000
4.898980
0.881713
2.442104
-0.710450
0.887922
-2.577863
1.713380
-2.670186
3.717036
-1.188556
4.833737
0.189587
4.552752
0.635554
4.070046
1.040483
4.295980
2.460954
4.445116
4.272819
3.075397
4.552203
0.283494
2.429787
-1.811416
-0.405501
-1.205988
-1.106854
1.524040
1.292361
3.380931
4.526067
1.874758
5.110981
-2.264464
1.809798
-5.529933
-2.997504
-4.921089
-5.453519
-0.804563
-3.736264
3.439133
0.450726
4.503146
3.625683
1.912776
3.573298
-1.983726
0.822246
-4.362464
-2.411147
-4.149035
-4.335213
-2.274920
-4.704713
-0.289820
-4.336504
1.005260
-3.990621
1.782191
-3.796049
2.532848
-7.334320
2.970204
-4.662443
7.087350
0.160171
7.910251
3.517388
5.261549
3.582366
2.079791
1.999239
1.113758
1.690318
2.031971
3.385227
2.147950
4.823860
-0.189953
-3.464102
3.464102
0.438303
4.513594
3.848361
1.965415
4.000690
-2.249971
1.087774
-4.873861
-2.235267
-4.493270
-3.731699
-2.494106
-3.564927
-1.060094
-3.410423
-0.747706
-4.094356
-0.343650
-4.648809
1.150711
-3.756397
2.994987
-1.668917
3.493873
-0.211526
2.091900
-0.831367
0.241492
-2.955121
-0.010789
-4.526067
1.874758
-4.081100
4.462566
-2.066575
5.909142
-0.092308
5.737559
0.838628
4.958611
1.130892
4.677259
1.772470
4.916617
3.088522
4.856711
4.501615
3.913825
5.302614
2.279023
5.280593
0.482636
4.525032
-1.159124
2.989984
-2.405343
0.711297
-2.642649
-1.510898
-1.132732
-2.113200
1.948008
0.000000
4.898979
4.057007
5.445337
7.523890
2.702432
8.014639
-1.769158
5.329846
-5.078291
1.620084
-5.382860
-0.516259
-3.298260
-0.154637
-1.082243
1.544240
-0.564793
2.710522
-1.854418
2.324972
-3.759507
0.577157
-5.036836
-1.791389
-5.071856
-4.026586
-3.706645
-5.298176
-1.046278
-4.687158
2.211278
-1.874758
4.526067
1.998776
4.258727
4.570476
1.161033
3.934154
-2.881707
0.407973
-4.989032
-3.429946
-3.581774
-4.723040
0.242604
-2.615818
3.593963
1.206699
4.123205
4.051923
1.691299
4.264215
-1.912859
2.049486
-4.570292
-1.192795
-5.155016
-3.984157
-3.743422
-5.378615
-1.132046
-5.076406
1.610226
-3.464102
3.464102
-1.536841
3.935344
-0.314154
3.478961
0.062123
3.189291
0.563473
3.651824
2.203528
4.052229
4.532120
2.820436
5.503895
-0.454400
3.383518
-3.848618
-1.009343
-4.382335
-4.304376
-0.954331
-3.407679
4.011610
1.372151
6.296904
6.177672
3.707596
6.942149
-1.712612
3.117358
-5.426915
-1.874758
-4.526067
-3.892104
-0.215585
-1.750763
3.647096
2.204551
4.257339
4.816392
2.026000
5.015876
-0.631969
4.054004
-2.074368
3.406271
-2.655090
3.092340
-3.472485
2.193734
-4.619506
0.492106
-5.151525
-1.074874
-4.559669
-1.690181
-3.601146
-1.844569
-3.284097
-2.684644
-3.352549
-4.233884
-2.443521
-4.898979
0.000000
-3.273419
2.439590
-0.265610
2.554749
1.263566
0.031173
-0.520579
-2.464700
-4.001448
-1.744214
-5.283027
2.333396
-2.169695
6.188455
3.213049
5.904826
6.226982
1.329539
4.335992
-3.539781
-0.289009
-4.498674
-3.005666
-1.344219
-1.449890
2.090332
2.226439
2.051543
3.897845
-1.327114
1.874758
-4.526066
-1.620545
-4.652514
-3.296444
-2.402659
-2.530713
-0.804895
-1.765420
-1.428717
-3.280963
-2.524316
-6.216521
-1.197505
-7.334320
2.970204
-4.662443
7.087350
0.160171
7.910251
3.517388
5.261549
3.582366
2.079791
1.999239
1.113758
1.690318
2.031971
3.385227
2.147950
4.823860
-0.189953
-3.794855
-0.534003
-0.932124
1.782555
2.348809
0.370725
2.773052
-3.187006
0.108767
-5.509342
-3.065610
-4.899575
-4.333292
-2.653063
-3.762806
-1.159848
-3.292989
-1.208793
4.242643
1.414216
5.830877
0.076467
6.147587
-2.815041
4.239788
-5.570668
0.995574
-6.527197
-1.886605
-5.486292
-3.449651
-3.484408
-3.886565
-1.514035
-3.706202
0.211159
-2.937013
1.808042
-1.334834
2.954469
0.829721
2.913418
2.530806
1.350601
2.693912
-1.062444
1.103267
-2.997702
-1.427633
-3.414310
-3.695516
-2.164789
-4.834084
0.155998
-4.547390
2.712369
-2.976331
4.731135
-0.618271
5.590874
1.676998
5.026687
2.993577
3.448534
2.986499
1.894492
2.302204
1.322304
2.152147
1.724431
3.204289
1.987700
4.789957
0.837441
5.288431
-1.887740
3.474844
-4.818471
-0.317164
-5.949541
-4.217546
-4.134638
-6.000003
-0.000004
-4.517907
4.346935
-0.457087
6.530881
3.964712
5.282099
6.163756
1.264571
4.704421
-3.097228
0.391396
-4.910223
-3.909133
-2.722690
-5.016886
2.172735
-1.823979
6.301204
3.550469
6.461287
7.126724
2.336540
6.168190
-3.034906
1.458348
-5.616787
-3.355542
-3.661629
-4.861532
0.993804
-2.613132
4.777907
0.971806
5.555416
3.222986
4.095660
3.609685
2.642913
3.619792
2.350670
4.590630
2.328252
6.048013
1.104400
6.339077
-1.355142
4.686105
-3.413342
2.246018
-3.519229
0.985436
-1.913346
1.679190
-0.378364
3.252220
-0.394672
4.064780
-1.795292
3.555822
-3.291148
2.426874
-4.024578
1.414218
-4.242636
0.354942
-4.437528
-1.262136
-4.263000
-3.055002
-2.788641
-3.586195
0.099057
-1.769068
2.930470
1.686447
3.717196
4.591199
1.884709
5.237904
-1.061593
3.959976
-2.980775
2.596319
-3.151100
2.468186
-2.737412
3.100293
-3.252903
3.014040
-4.819354
1.552517
-6.157012
-0.397330
-6.175955
-1.530729
-5.226255
-1.668138
-4.574748
-1.877501
-4.823661
-3.101470
-5.192459
-4.981854
-4.469887
-6.249608
-2.427999
-6.111611
-0.019802
-4.922340
1.742710
-3.445496
2.724525
-1.846133
3.277769
0.154076
3.225080
2.178675
1.823453
2.838585
-0.980378
1.040718
-3.621461
-2.347927
-3.918042
-4.696517
-1.340793
-4.000001
1.999998
-1.075772
3.174389
1.060012
1.446097
0.331877
-0.826739
-2.038651
-0.687792
-2.740904
2.034207
-0.104391
4.256496
3.698455
2.908230
4.653952
-1.451773
1.243190
-4.752593
-3.550454
-3.479897
-4.983950
1.483122
-1.391654
5.449545
3.965944
4.562460
6.114181
-0.293712
3.367591
-4.423871
-1.082393
-4.143856
-2.608068
-0.448167
0.062711
2.252418
3.714153
0.861061
4.206651
-3.248126
0.834217
-5.857676
-3.084411
-4.403082
-3.794855
-0.534003
-0.932124
1.782555
2.348809
0.370725
2.773052
-3.187006
0.108767
-5.509342
-3.065610
-4.899575
-4.333292
-2.653063
-3.762806
-1.159848
-3.292989
-1.208793
0.923886
-2.797674
-2.265538
-1.142430
-2.122006
2.434106
1.321095
4.075514
4.808772
1.843025
5.012205
-2.570902
1.510851
-5.516658
-3.003880
-4.617848
-5.135385
-0.617697
3.464102
-3.464102
-0.613000
-4.768752
-4.154641
-2.567434
-4.787295
1.471803
-2.186857
4.557627
1.820132
4.613929
4.470353
1.615273
3.903552
-2.358069
0.503565
-4.507409
-3.307773
-3.349334
-4.896634
0.131651
-3.515049
3.316758
-0.807507
4.226637
0.867585
3.203499
0.773343
2.325970
0.441161
3.057458
1.874758
4.526067
5.118896
4.332056
7.818310
1.174856
7.412569
-3.439398
3.797078
-6.335833
-0.345632
-5.635875
-1.990207
-2.552086
-0.544894
-0.172323
1.821752
-0.502221
2.504993
-2.783235
0.925274
-4.647977
-1.343354
-4.654860
-2.606674
-3.448224
-2.808612
-2.523989
-3.130137
-2.287658
-4.147387
-1.729608
-4.898980
0.000000
-4.050759
2.128980
-1.791745
2.820069
-0.119624
1.279005
-0.929336
-0.969759
-3.847844
-1.264089
-6.215568
1.580610
-5.440297
5.884990
-1.462564
8.447626
3.092808
7.375604
5.214563
3.707024
4.045229
0.374836
1.370963
-0.378661
-0.168810
1.273582
0.656745
3.248794
2.895928
3.548415
4.526067
1.874758
4.251048
-0.354903
2.482945
-1.341627
0.902860
-0.385589
1.095897
1.564559
3.283603
2.598957
6.024293
1.273375
7.140405
-2.191201
5.324240
-5.844225
1.275900
-7.289598
-2.615336
-5.482534
-3.971813
-1.614216
-2.206476
1.749123
1.130976
2.625965
3.735447
0.996866
4.366757
-1.559483
3.464102
-3.464102
2.192667
-4.333787
1.138790
-4.731778
0.048745
-5.063365
-1.349568
-5.042028
-2.676610
-4.278288
-3.306170
-3.063831
-3.283544
-2.171546
-3.414227
-1.814138
-4.177333
-1.158560
-4.750070
0.705336
-3.599958
3.279402
-0.338374
4.552495
3.216217
2.849082
4.317022
-1.129683
1.950623
-4.449254
-1.874758
-4.526067
-3.827106
-1.678298
-2.433582
1.083385
0.489941
0.990559
1.707157
-1.773740
-0.179240
-4.392061
-3.469911
-4.379722
-5.352403
-2.023147
-4.882935
0.252167
-3.719129
0.741777
-3.915499
0.307511
-5.357657
1.179598
-5.762945
4.125619
-3.267677
7.214533
1.270016
7.613026
4.801124
4.500121
4.898980
-0.000000
1.907610
-2.766234
-1.646519
-2.372877
-3.462390
0.150066
-3.074958
2.834260
-1.353909
4.538636
0.909596
5.140727
3.409994
4.564129
5.530558
2.429694
5.948321
-1.007750
3.755542
-4.050113
-0.002292
-4.515339
-2.541232
-1.962753
-1.757581
1.288566
1.431030
1.984761
3.556803
-0.831081
1.874758
-4.526067
-2.715960
-5.198094
-6.239330
-1.537296
-5.386756
3.670426
-0.778492
6.069521
3.565821
3.873830
4.065505
-0.484066
0.923886
-2.797674
-2.265538
-1.142430
-2.122006
2.434106
1.321095
4.075514
4.808772
1.843025
5.012205
-2.570902
1.510851
-5.516658
-3.003880
-4.617848
-5.135385
-0.617697
4.615692
8.656570
9.349724
5.074641
9.594634
-0.701564
5.798413
-4.067680
1.972136
-3.220746
1.371032
-0.682430
3.194902
-0.239129
3.781400
-2.674073
0.914582
-4.909441
3.464102
3.464102
5.113029
-1.525217
1.969255
-6.082745
-3.512498
-6.281889
-6.661185
-2.192473
-5.153830
2.210116
-1.148542
3.030406
1.101126
0.193325
-0.439422
-2.806962
-3.772341
-2.681033
-5.219245
0.365836
-3.294898
3.107353
-0.089465
2.802393
1.074169
-0.011308
-0.895025
-2.211475
-3.819983
-1.358971
-4.526067
1.874758
-1.968210
4.446694
1.866195
3.895543
3.933934
0.519776
2.851827
-3.153200
-0.211787
-4.771925
-2.983834
-3.996231
-4.161977
-2.238643
-4.146717
-0.976619
-4.082854
-0.477796
-4.504630
-0.004554
-4.966241
1.070194
-4.774745
2.561112
-3.811514
3.805547
-2.538007
4.452649
-1.324385
4.725809
-0.000000
4.898980
1.787024
4.685807
3.800058
3.372392
4.993417
0.686709
4.289748
-2.512995
1.704196
-4.620821
-1.372624
-4.583611
-3.226901
-2.913952
-3.346993
-1.294959
-2.902383
-0.968416
-3.522896
-1.427255
-5.437972
-0.851267
-6.894036
1.917866
-5.703086
5.761502
-1.616367
7.857642
2.889552
6.223960
4.526066
1.874758
2.239239
-1.715990
-1.574301
-1.664809
-3.120240
1.551159
-0.778434
4.401958
3.246026
3.611507
4.936117
-0.641436
2.303630
-4.790989
-2.672425
-5.237612
-5.927125
-1.734950
-5.148583
2.495228
-1.790657
3.951568
0.619277
2.103788
0.003530
-0.464509
-2.504936
-0.917233
-4.138031
1.080169
-3.464102
3.464101
-1.548092
4.290381
-0.297700
3.719069
-0.127023
3.353924
0.323276
3.930395
2.165360
4.202173
4.420335
2.429804
4.686073
-1.204874
1.785615
-4.146576
-2.517115
-3.785285
-4.832154
-0.233010
-3.368980
3.461838
0.206452
4.110306
2.292164
1.471451
0.835713
-1.488551
-2.649476
-1.483239
-4.526066
1.874758
-2.523863
5.634581
2.062611
6.225654
5.480153
2.733663
4.811283
-2.250306
0.460663
-4.840527
-4.232567
-3.066421
-5.732968
1.625045
-3.037797
5.625020
1.688481
5.976396
4.863008
2.527446
4.168310
-2.079167
0.199991
-4.443853
-4.064393
-2.942120
-5.567567
1.105030
-3.530055
4.530615
0.000000
4.898980
1.940317
2.493130
0.872405
-0.034914
-1.743200
-0.145378
-3.034580
2.200392
-1.563028
4.552759
1.226516
4.471251
2.482618
2.062368
0.937804
-0.080798
-1.685925
0.411607
-2.439482
3.110377
-0.322262
5.146572
2.530038
4.265407
3.061040
1.357228
0.651267
-0.365220
-2.046307
1.176193
-1.874758
4.526067
1.318262
6.095970
4.297688
4.046253
3.816605
0.491000
0.258574
-0.531330
-2.447598
2.634320
-0.778835
7.231904
4.615692
8.656570
9.349724
5.074641
9.594634
-0.701564
5.798413
-4.067680
1.972136
-3.220746
1.371032
-0.682430
3.194902
-0.239129
3.781400
-2.674073
0.914582
-4.909441
-2.318589
-3.853781
-2.860709
-1.772547
-1.952505
-1.253783
-2.271821
-2.470833
-4.981558
-2.798564
-7.887988
0.076610
-7.607124
5.074830
-3.427921
8.395432
1.555212
7.406457
-3.464102
-3.464102
-1.541480
-0.505909
1.318971
-0.987849
1.852602
-3.634878
-0.253794
-5.289415
-2.578689
-4.495531
-3.108663
-2.709556
-2.447388
-2.037593
-2.610106
-2.485737
-4.113495
-2.086900
-5.050092
0.348400
-3.340797
3.313849
0.534705
3.969999
3.656150
1.285910
3.604311
-2.697478
0.884486
-4.958745
-1.874759
-4.526067
-2.878125
-3.030600
-2.790193
-2.372576
-3.297579
-2.458923
-4.602645
-1.709173
-5.053273
0.463878
-3.385488
2.445562
-0.735545
2.162344
0.265536
-0.244710
-1.519254
-2.166996
-4.174438
-1.289879
-4.650484
1.690993
-2.176652
3.635880
0.709682
2.383531
0.839449
-0.735589
-2.062054
-2.183519
-4.898980
0.000000
-4.367409
3.998417
-0.386993
5.969782
3.791915
3.849705
4.764120
-0.761927
2.014062
-4.348954
-2.102333
-4.727050
-4.900310
-2.453973
-5.475793
0.509102
-4.508174
2.829485
-2.759922
4.278703
-0.441440
4.753485
2.021247
3.708755
3.342596
0.982502
2.213353
-2.168188
-1.120657
-3.540892
-4.526067
-1.874759
-5.615111
1.835445
-3.766809
5.133238
-0.439374
6.215198
2.414837
5.153617
3.970164
3.153790
4.534039
1.039409
4.373129
-1.178459
3.126165
-3.409027
0.571528
-4.779402
-2.427090
-4.302725
-4.312331
-2.158025
-4.338482
0.170349
-3.380536
1.323305
-2.922757
1.465774
-3.326321
1.929869
-3.464102
3.464102
-2.209208
5.216099
0.048304
5.747129
1.801330
4.849475
2.321404
3.832260
2.639011
3.774411
4.174378
3.888904
6.539893
2.261390
7.365211
-1.596097
4.811130
-5.415693
0.091589
-6.056092
-3.134034
-2.891399
-2.302575
1.090184
1.270220
2.057012
3.571184
-0.748725
2.011212
-4.187352
-1.874758
-4.526067
-4.103515
-1.390957
-2.516613
1.886836
0.955819
1.873293
2.414185
-1.349423
0.083592
-4.383862
-4.027033
-4.114009
-6.432495
-0.686359
-5.631431
3.135680
-2.984364
5.062757
-0.546851
5.154636
1.177179
4.701247
2.959188
4.038452
4.856981
2.251931
5.453041
-0.985524
3.522373
-4.101823
0.000000
-4.898980
-2.524967
-3.088241
-2.554914
-0.870593
-1.436543
-0.506443
-1.764154
-1.580023
-4.057444
-1.374294
-5.695426
1.746022
-3.737565
5.803925
1.331667
6.791821
5.354431
3.015639
4.486004
-2.570003
-0.689659
-4.914380
-5.462128
-1.857738
-5.579712
3.717966
-1.313801
6.871613
3.221329
5.484884
4.526067
1.874758
2.999065
-0.277013
1.697738
0.039110
2.420622
0.625958
3.768113
-0.748539
3.211901
-3.485934
0.409450
-4.965496
-2.318589
-3.853781
-2.860709
-1.772547
-1.952505
-1.253783
-2.271821
-2.470833
-4.981558
-2.798564
-7.887988
0.076610
-7.607124
5.074830
-3.427921
8.395432
1.555212
7.406457
-0.642852
-4.151047
-3.882404
-1.229781
-3.795715
2.828568
-0.906196
5.202266
2.481062
4.636042
4.190629
1.974270
3.502154
-0.894185
1.115159
-2.399842
-1.648634
-1.912091
-3.494659
0.341247
3.464102
-3.464102
1.266986
-6.040608
-2.317829
-6.616939
-5.527102
-4.607798
-6.567409
-0.948387
-4.889080
2.321156
-1.645289
3.432029
1.173738
2.088112
2.167980
-0.551589
1.240648
-2.951007
-0.839306
-4.188428
-3.248109
-4.037946
-5.335014
-2.503600
-6.307714
0.258581
-5.272705
3.438250
-2.077379
5.380314
1.874758
4.526067
4.111908
0.945440
2.959651
-3.162917
-0.819578
-4.942075
-4.392334
-3.261305
-5.186709
0.231723
-3.108572
2.551680
-0.506963
2.046342
0.095004
-0.236259
-1.708788
-1.747516
-4.073117
-0.924906
-4.884135
1.510641
-3.740664
3.582628
-1.994320
4.146846
-1.037509
3.826493
-0.796486
3.965999
0.000000
4.898980
2.185505
5.442241
4.968604
4.120183
6.445297
0.804035
5.279992
-2.897349
1.925509
-4.836669
-1.671076
-3.960311
-3.474367
-0.991843
-2.644460
2.192710
0.146081
3.786898
3.285994
2.976469
5.118183
0.191279
4.699186
-3.205535
2.217130
-5.589581
-1.097036
-5.905092
-3.658250
-4.270003
-4.526067
-1.874758
-3.999051
-0.085642
-3.230212
0.613623
-3.104194
0.906659
-3.377899
1.833274
-2.932612
3.610325
-0.943424
5.233266
2.149338
5.291453
4.822552
3.250837
5.657955
-0.000249
4.442565
-2.832552
2.220109
-4.129211
0.338234
-3.998853
-0.603783
-3.422521
-1.042007
-3.268703
-1.854369
-3.549997
-3.464102
-3.464102
-5.341004
-2.111389
-6.245725
0.652488
-5.084145
3.821741
-1.859254
5.655704
1.965227
4.796936
4.158626
1.422711
3.236755
-2.518448
-0.261050
-4.464833
-3.914799
-3.143483
-5.167461
0.312189
-3.382141
3.163556
-0.400185
3.311721
1.041778
1.084143
-0.280437
-1.090118
-3.021180
-0.881013
-4.526067
1.874758
-3.199324
5.120637
0.234694
6.473034
3.610316
5.169927
5.260026
2.314194
5.065682
-0.499863
3.848484
-2.529941
2.148406
-3.883497
-0.092270
-4.550988
-2.719243
-3.931125
-4.667006
-1.574016
-4.514655
1.744028
-1.915113
4.067170
1.655287
3.703761
3.807969
0.742629
3.080331
-2.886284
-0.000000
-4.898980
-3.514835
-4.285690
-5.669404
-1.695553
-5.784084
1.430211
-4.177312
3.863577
-1.577975
4.894115
1.117310
4.181526
2.795405
1.854768
2.450884
-1.125969
0.012896
-3.100998
-3.183091
-2.756130
-5.151757
-0.303781
-4.858296
2.522569
-3.125139
3.955916
-1.765094
3.816344
-1.676696
3.551224
-1.874758
4.526066
-0.589570
6.309608
2.609246
6.853159
5.911229
4.547459
6.681941
0.117157
3.919854
-3.641619
-0.642852
-4.151047
-3.882404
-1.229781
-3.795715
2.828568
-0.906196
5.202266
2.481062
4.636042
4.190629
1.974270
3.502154
-0.894185
1.115159
-2.399842
-1.648634
-1.912091
-3.494659
0.341247
-2.644138
1.592700
-0.329290
1.147048
0.268587
-1.136989
-1.710808
-3.026706
-4.961410
-2.457004
-6.987403
0.791513
-6.039990
4.851722
-2.485969
7.166331
1.469361
6.416403
-3.464102
-3.464102
-2.719034
-0.605480
-0.491260
0.215726
1.026293
-1.194411
0.406914
-3.298306
-2.035397
-4.114017
-4.635835
-2.681079
-5.672978
0.379449
-4.513636
3.471446
-1.841344
5.175990
1.007798
5.065321
2.972227
3.715065
3.796434
2.093327
3.925970
0.864846
3.985002
0.068452
4.260143
-0.710362
4.526067
-1.874757
4.289975
-3.415102
3.252508
-4.862499
1.623496
-5.640077
0.013588
-5.544030
-1.050492
-4.937326
-1.584340
-4.432431
-2.124177
-4.291240
-3.159935
-4.099172
-4.500637
-3.106972
-5.220088
-1.030616
-4.371550
1.412703
-1.921161
2.829700
0.962538
2.188934
2.632454
-0.284385
2.161085
-3.174307
-0.000000
-4.898979
-2.462520
-4.831156
-4.028093
-3.571236
-4.495636
-2.218781
-4.506852
-1.387013
-4.717374
-0.854510
-5.157770
-0.048505
-5.339513
1.253079
-4.849801
2.723172
-3.733047
3.882303
-2.302808
4.539175
-0.722568
4.759941
1.061559
4.477899
2.923268
3.326170
4.209328
1.031903
3.997960
-1.986224
1.874758
-4.526067
-1.493256
-5.287440
-4.608890
-3.811406
-6.079935
-0.845001
-5.454275
2.172693
-3.314845
4.004707
-0.735469
4.146914
1.283077
2.762485
2.003191
0.412072
0.979374
-2.015121
-1.680069
-3.313381
-4.931086
-2.392683
-6.942898
0.836877
-6.165241
4.896994
-2.688554
7.379336
1.415312
6.681183
3.464102
3.464102
2.341704
0.342198
-0.456580
-0.233436
-2.065193
1.868901
-0.834155
4.317554
2.113255
4.489652
3.930756
2.008200
2.832087
-0.822503
-0.052798
-1.235202
-1.658840
1.189654
0.004512
3.908468
3.709638
3.757755
5.941652
0.104575
4.178926
-4.283064
-0.574268
-5.646884
-4.523861
-2.748917
-4.526067
1.874758
-1.015122
4.206759
2.401208
2.486632
2.357580
-1.148667
-1.056983
-2.717284
-4.354351
-0.223613
-3.948927
4.358554
0.394101
6.845464
5.207348
4.714808
6.402203
-0.512693
2.931641
-4.567722
-2.299606
-4.176297
-5.020777
0.164195
-3.249577
4.791858
1.238306
6.150799
4.740904
3.701849
4.898979
-0.000000
2.453305
-1.839668
0.158954
-0.816746
0.148413
1.450912
2.225874
2.530326
4.433472
1.385324
5.047081
-0.997295
4.010651
-2.871886
2.604086
-3.452097
1.913699
-3.427648
1.714554
-3.941140
0.822185
-5.170774
-1.505589
-5.954220
-4.517085
-4.833782
-6.313077
-1.558630
-5.357434
2.346028
-1.874758
4.526067
2.076153
3.551884
3.990699
0.078407
2.727344
-3.539469
-0.656183
-4.926012
-3.700135
-3.399537
-4.388212
-0.418379
-2.644138
1.592700
-0.329290
1.147048
0.268587
-1.136989
-1.710808
-3.026706
-4.961410
-2.457004
-6.987403
0.791513
-6.039990
4.851722
-2.485969
7.166331
1.469361
6.416403
-1.791738
4.586510
2.895524
5.033438
6.024508
1.754692
5.261738
-2.426993
1.672190
-3.966348
-1.201092
-1.870086
-0.714027
1.381099
2.334326
2.310312
4.572805
-0.101954
-3.464101
3.464102
0.224680
4.421696
3.311168
1.921036
3.344845
-1.998369
0.706587
-4.434389
-2.271866
-4.319331
-3.846061
-2.854356
-4.210797
-1.656461
-4.505239
-1.001025
-5.043056
-0.061295
-4.983961
1.497762
-3.689533
2.742604
-1.912679
2.514097
-1.225861
0.978117
-2.284471
-0.284558
-3.977629
0.117405
-4.526066
1.874758
-3.349891
3.277580
-1.660329
3.006124
-1.176261
1.465156
-2.403359
0.301314
-4.255396
0.754208
-5.217741
2.613138
-4.670305
4.670744
-3.101978
5.903861
-1.356613
6.086778
0.030036
5.504813
0.831431
4.488845
0.897638
3.386257
0.265767
2.713965
-0.559931
2.928627
-0.783568
3.912825
-0.000000
4.898980
1.387601
5.131752
2.621345
4.566287
3.421498
3.710644
4.106357
2.777452
4.762354
1.321331
4.593559
-0.952429
2.611246
-3.126740
-0.826158
-3.370322
-3.540958
-0.794062
-3.241684
3.038910
0.002512
5.015009
3.294711
3.400566
3.473944
-0.126022
0.396599
-1.813361
-2.591248
0.404646
-1.874758
4.526066
2.595259
6.200227
6.897121
3.082535
6.838259
-2.578033
2.133965
-5.901981
-3.191786
-4.030342
-4.614055
1.191141
-1.275205
5.110331
3.567664
4.675094
5.952226
0.898308
4.780928
-2.768158
2.101851
-4.012834
0.384643
-3.400054
0.058115
-2.904999
-0.247405
-3.404620
-1.592964
-3.989469
-3.464102
-3.464101
-4.623420
-1.888091
-4.690125
-0.324210
-4.390851
0.609650
-4.341778
1.372320
-4.137821
2.544357
-3.032823
3.684705
-1.307144
3.677043
-0.390481
2.272039
-1.321169
0.833863
-3.325030
1.115159
-4.370322
3.318882
-3.254128
5.748741
-0.847634
6.583290
0.988995
5.761167
1.548273
4.754863
1.874758
4.526066
3.056887
4.228107
4.344757
2.409642
3.644495
-0.620057
0.153102
-2.293611
-3.911793
-0.232892
-4.890381
4.826671
-1.303616
9.075049
4.331799
9.044282
7.706972
4.998013
6.850943
0.641230
3.871377
-0.667362
2.451008
0.780660
3.809004
1.728877
5.496977
-0.179411
4.295123
-3.614149
0.000000
-4.898979
-4.049907
-2.012647
-4.294137
3.084058
-0.566089
6.275746
3.775876
5.299231
5.208175
1.755437
3.311422
-0.769227
0.727385
-0.280921
0.211899
2.030518
2.032564
3.467928
4.172838
2.647766
4.659152
0.556265
3.383258
-0.821965
1.823912
-0.487361
1.451152
0.938917
2.596564
2.074093
4.526066
1.874758
6.073837
0.081679
6.117514
-2.782442
3.995012
-5.434223
0.150125
-6.145110
-3.511921
-3.820782
-4.510164
0.694900
-1.791738
4.586510
2.895524
5.033438
6.024508
1.754692
5.261738
-2.426993
1.672190
-3.966348
-1.201092
-1.870086
-0.714027
1.381099
2.334326
2.310312
4.572805
-0.101954
-2.706664
0.892689
-1.109397
2.750060
1.402714
3.038219
3.545565
1.606528
4.394738
-0.840482
3.729909
-3.334188
1.853642
-5.088260
-0.643260
-5.598635
-2.954214
-4.711005
4.242640
2.828424
4.142668
0.921367
3.188718
-0.029331
2.543564
0.131100
3.005116
0.459659
4.143971
-0.311808
4.501126
-2.524303
2.826472
-5.029017
-0.695845
-5.929632
-4.332006
-4.057584
-5.914840
0.029981
-4.311500
4.280573
-0.207664
6.369313
4.215463
5.079010
6.455897
1.075251
5.127776
-3.309194
0.956471
-5.291437
-3.365797
-3.394366
-4.738141
1.295043
-1.888639
5.509855
3.366049
6.010132
7.181199
2.169308
6.603856
-3.267773
2.035155
-6.215218
-3.020133
-4.545697
-4.861704
0.222808
-2.597047
4.401958
1.474569
5.372982
4.296206
3.536730
4.795691
1.285008
4.296706
0.318305
4.505025
0.166472
5.464097
-0.732057
5.681539
-2.859686
4.089910
-4.885640
1.493124
-5.132480
-0.151907
-3.495717
0.236193
-1.631471
1.808970
-1.255101
2.794846
-2.494436
2.311508
-4.045996
0.956005
-4.741162
-0.272899
-4.601796
-1.202393
-4.276757
-2.331051
-3.810808
-3.619906
-2.474089
-3.959523
0.044869
-2.236670
2.625961
1.134551
3.378497
4.132405
1.493832
4.862294
-1.754727
3.338365
-4.115455
1.358419
-4.484870
0.584984
-3.789810
0.926599
-3.723891
0.933145
-4.815973
-0.376591
-5.979206
-2.397699
-5.919672
-3.740352
-4.663435
-3.888832
-3.433966
-3.726771
-3.126039
-4.370499
-3.250116
-5.771284
-2.572763
-6.745657
-0.615332
-6.313193
1.793156
-4.681402
3.472429
-2.772647
4.070530
-1.072493
4.022314
0.616049
3.525336
2.231837
2.105662
2.777750
-0.448313
1.184610
-2.987206
-2.049900
-3.506314
-4.594586
-1.184060
-4.259325
2.281700
-1.354646
3.943077
1.324252
2.534139
1.283915
-0.073807
-0.939567
-0.770626
-2.242707
1.337468
-0.396179
3.722520
3.204789
3.081708
4.712052
-0.834929
1.960886
-4.485133
-2.837851
-4.021156
-4.996406
0.519952
-2.113381
4.887430
3.279891
4.760271
6.124233
0.151361
3.907891
-4.572068
-0.861143
-5.136729
-3.355019
-1.647454
-1.422610
1.733966
2.354392
1.265648
3.579800
-2.524914
0.708432
-5.590816
-3.464102
-4.732050
-4.876702
-0.872900
-2.415993
2.077102
1.133602
1.333720
2.137562
-2.090981
-0.272566
-4.743842
-3.718732
-4.345259
-5.355999
-1.765924
-4.687282
0.418439
-3.544610
0.846589
-3.665664
0.543727
-4.743391
1.369428
-4.948455
3.752819
-3.053964
6.209863
0.276463
6.924315
3.250892
5.473119
4.651989
2.930145
4.595119
0.577196
3.820794
-1.144128
2.676246
-2.422779
1.027471
-3.219175
-1.001422
-3.009047
-2.583223
-1.453228
-2.706664
0.892689
-1.109397
2.750060
1.402714
3.038219
3.545565
1.606528
4.394738
-0.840482
3.729909
-3.334188
1.853642
-5.088260
-0.643260
-5.598635
-2.954214
-4.711005
-2.452494
-5.206573
-5.243474
-3.383418
-6.326246
-0.116068
-4.922414
2.950172
-1.946540
3.886170
0.279176
2.229175
-0.050330
-0.257362
-2.394156
-1.009314
-4.211910
0.838717
3.464102
-3.464102
0.791402
-4.152883
-1.051609
-2.183039
-0.104266
0.294684
2.607176
0.489719
4.070354
-1.971853
2.545040
-4.526318
-0.440413
-4.401587
-1.649419
-1.708529
0.318534
0.545341
3.368072
-0.319300
4.073798
-3.639659
1.436751
-5.974898
-1.863547
-4.787640
-2.217002
-1.323657
0.999904
0.495183
4.526067
-1.874758
4.388552
-6.821239
-0.093076
-10.005264
-5.575173
-8.542866
-7.906789
-3.686277
-5.954357
0.575087
-2.283868
1.352746
-0.358528
-0.774680
-1.354994
-2.917524
-3.657690
-2.898281
-4.987359
-0.931396
-4.536163
1.328066
-3.031773
2.741703
-1.283754
3.354819
0.696198
3.432356
3.025527
2.530985
4.898980
-0.000000
4.820488
-3.707695
2.125273
-6.718290
-1.931911
-7.128795
-4.932235
-4.779891
-5.292213
-1.513024
-3.526103
0.413517
-1.582264
0.165625
-1.065347
-1.291514
-2.123521
-2.363066
-3.801104
-2.136751
-5.057510
-0.669623
-5.275593
1.524826
-4.113916
3.809138
-1.484522
5.269037
1.956240
4.782021
4.526067
1.874758
4.367519
-2.286707
1.118215
-5.130130
-3.214877
-4.509965
-5.442116
-0.708963
-3.753209
3.410204
0.610338
4.581141
4.251579
1.849855
4.421895
-2.625667
1.256490
-5.447708
-2.519432
-4.833027
-4.047295
-1.925280
-2.697354
0.459621
-0.329843
0.369321
0.566715
-1.738618
-0.920058
-3.646033
-3.464102
-3.464102
-4.806670
-1.291972
-3.811823
0.916793
-1.522266
1.103676
-0.328781
-1.005458
-1.893160
-3.470496
-5.522880
-3.638275
-8.460335
-0.457383
-8.059935
4.346210
-4.141851
7.436663
0.596325
6.619927
2.724256
2.839451
1.060272
-0.521804
-2.237884
-0.623527
-3.654220
2.231918
-1.644612
4.913166
1.874758
4.526067
3.435642
1.306398
1.533785
-1.575687
-1.761056
-1.213588
-2.817663
1.999252
-0.141922
4.615826
3.971267
3.520646
5.570330
-0.906990
2.881431
-5.045575
-1.968419
-5.465353
-5.012206
-2.128609
-4.172802
1.747588
-0.995841
2.869004
1.120503
0.847882
0.210394
-1.795837
-2.691778
-2.272290
-4.898980
-0.000000
-4.610859
3.294713
-2.127079
5.446586
0.992546
5.536104
3.434950
3.974858
4.710532
1.543319
4.703907
-1.205910
3.286733
-3.709454
0.636759
-5.118337
-2.330841
-4.744659
-4.321299
-2.827329
-4.683211
-0.559580
-3.974230
0.901317
-3.324412
1.452134
-3.221573
1.949983
-3.049823
3.093240
-1.874758
4.526067
0.432295
5.135145
2.956074
4.140709
4.528980
1.765736
4.574200
-1.096322
3.179010
-3.594770
0.675850
-5.145616
-2.452494
-5.206573
-5.243474
-3.383418
-6.326246
-0.116068
-4.922414
2.950172
-1.946540
3.886170
0.279176
2.229175
-0.050330
-0.257362
-2.394156
-1.009314
-4.211910
0.838717
-5.829638
0.334133
-5.308026
2.039187
-4.373726
3.015469
-3.543072
3.572320
-2.660319
4.013916
-1.540385
4.041837
-0.690032
3.276877
-0.937626
2.179914
-2.284710
1.987672
3.464102
-3.464102
2.994847
-5.852136
0.721338
-7.383063
-1.907945
-6.972202
-3.256338
-5.294621
-3.135684
-4.021735
-2.883573
-4.011128
-3.790854
-4.414846
-5.597188
-3.674696
-6.691071
-1.316555
-5.796879
1.391973
-3.358448
2.612270
-1.200972
1.703213
-0.867464
-0.187943
-2.300730
-1.198576
-4.038180
-0.337594
-4.526066
1.874758
-3.232723
4.057549
-0.728229
5.051771
1.975791
4.464845
4.015322
2.520024
4.810581
-0.268222
4.021126
-3.182133
1.688122
-5.288229
-1.506443
-5.692041
-4.283440
-4.095469
-5.357221
-1.225328
-4.292550
1.367365
-1.980992
2.208121
-0.222717
0.977777
-0.494394
-1.057109
-2.688957
-1.805138
-4.898980
0.000000
-4.748549
3.466913
-1.502251
5.859232
2.832705
4.733154
4.760093
0.325113
2.272548
-4.095243
-2.994735
-4.725659
-6.737343
-0.686541
-5.662622
4.828964
-0.622063
7.186874
3.980868
4.559541
4.263614
-0.294303
0.581700
-2.675369
-2.885466
-0.571747
-2.411935
3.383830
1.452186
4.723296
4.526067
1.874758
3.505324
-2.170161
-0.442063
-3.096590
-2.910489
0.009490
-1.073821
3.593089
3.137951
3.484580
5.067889
-0.459781
2.468446
-4.069401
-1.877951
-3.389749
-3.067371
0.848938
0.519784
3.803164
5.217299
1.682447
5.799431
-4.021546
1.031590
-7.889130
-4.920401
-6.157250
-6.763818
-0.589417
-3.464102
3.464102
0.958907
2.642632
1.885251
-1.206763
-1.158015
-3.424085
-4.483198
-1.643870
-4.607860
2.028849
-1.919094
3.869332
0.327227
2.836520
0.157868
1.364880
-0.838365
1.967521
0.257563
3.876808
3.706569
3.824234
6.240467
0.124518
4.572492
-4.762893
-0.620070
-6.414076
-4.902634
-3.163438
-4.526067
1.874758
-0.353980
3.878210
3.030985
1.273060
2.122136
-2.732370
-1.939887
-3.625735
-4.731173
-0.291234
-3.205543
4.004901
1.345479
5.123709
4.898455
2.115954
4.758170
-2.300436
1.692550
-4.817125
-1.626209
-4.489358
-3.506588
-2.648569
-4.133646
-0.661048
-4.068480
1.366023
-2.893301
3.574165
0.000000
4.898980
3.608137
3.621963
5.274879
-0.362087
3.149104
-4.441063
-1.431081
-5.265704
-4.655457
-2.122394
-3.815314
2.006897
-0.105687
3.207681
2.471802
0.560245
1.160077
-2.897527
-2.723227
-3.278576
-5.135086
0.172155
-3.404959
4.332169
1.168286
5.355774
4.753448
2.365102
4.736431
-2.021300
1.874758
-4.526067
-1.039584
-4.225656
-2.170287
-2.777327
-2.052176
-2.133440
-2.332269
-2.516240
-3.680317
-2.661739
-5.232024
-1.588680
-5.829638
0.334133
-5.308026
2.039187
-4.373726
3.015469
-3.543072
3.572320
-2.660319
4.013916
-1.540385
4.041837
-0.690032
3.276877
-0.937626
2.179914
-2.284710
1.987672
4.117707
-1.963164
1.194818
-3.423624
-2.141930
-2.204180
-3.660198
1.280005
-2.142790
4.992701
1.679775
6.609681
5.571027
5.120567
7.318973
1.512044
6.226376
-1.979579
-3.464102
3.464102
-1.087058
2.631379
-0.533137
0.757586
-1.738320
-0.386798
-3.407234
0.196962
-4.054145
2.199791
-2.959397
4.404631
-0.455773
5.533786
2.421149
4.910916
4.507133
2.660233
4.972226
-0.446767
3.594053
-3.303128
0.856088
-4.865358
-2.198098
-4.594034
-4.418488
-2.744017
-5.142327
-0.242060
-4.526067
1.874759
-3.317394
3.090630
-2.220885
3.609299
-1.394131
3.963373
-0.503681
4.417610
0.766852
4.734879
2.297995
4.493149
3.623175
3.577026
4.390353
2.310268
4.671637
1.110084
4.788243
0.073506
4.873619
-1.033184
4.692047
-2.383117
3.929308
-3.765625
2.615825
-4.727400
1.172693
-5.031650
0.000000
-4.898979
-0.925237
-4.724743
-1.952648
-4.580698
-3.241795
-4.097246
-4.426316
-2.914257
-4.906320
-1.210054
-4.501087
0.342220
-3.713030
1.232553
-3.212004
1.684460
-3.029346
2.426394
-2.383866
3.788565
-0.477958
5.070266
2.465099
4.976594
5.049728
2.845750
5.764661
-0.529556
4.310310
-3.404282
1.874758
-4.526067
0.024659
-4.132874
-0.710024
-3.500278
-1.122544
-3.504106
-2.200411
-3.711987
-3.804235
-2.995664
-4.644134
-1.032990
-3.698139
0.968638
-1.607460
1.278972
-0.437240
-0.495848
-1.790112
-2.635645
-5.040372
-2.627485
-7.547021
0.485235
-6.872216
4.968939
-3.024529
7.706666
1.411829
6.862090
3.464102
3.464102
2.288858
0.444041
-0.272384
0.041719
-1.519718
1.989569
-0.302385
4.061472
2.222223
4.287272
4.003710
2.636222
4.122425
0.663067
3.420125
-0.304307
3.274610
-0.491657
3.934024
-1.220083
4.171479
-3.252296
2.586030
-5.717482
-0.806588
-6.735807
-4.300145
-5.130220
-5.809611
-1.572351
-4.526066
1.874758
-1.456121
3.313615
1.463181
2.258288
2.722251
-0.343337
1.942324
-3.007226
-0.333891
-4.570464
-3.173867
-4.457054
-5.537662
-2.601244
-6.386387
0.501438
-5.043612
3.655331
-1.821239
5.251067
1.725719
4.202358
3.524540
0.930487
2.421582
-2.602587
-0.815032
-4.152906
-3.934962
-2.875516
-4.898979
0.000000
-3.460009
2.167066
-1.273258
2.120363
-0.438435
0.318939
-1.749933
-1.333098
-4.149268
-1.166825
-5.760358
0.909781
-5.497311
3.514247
-3.825184
5.105358
-2.119856
5.256879
-1.341981
4.800027
-1.258881
4.844372
-0.839777
5.663447
0.637624
6.451038
2.810255
6.105183
4.459624
4.295758
4.526067
1.874758
3.039958
0.280112
1.196654
0.414078
0.492769
1.886545
1.567602
3.232467
3.630383
2.985352
4.949869
0.841641
4.117707
-1.963164
1.194818
-3.423624
-2.141930
-2.204180
-3.660198
1.280005
-2.142790
4.992701
1.679775
6.609681
5.571027
5.120567
7.318973
1.512044
6.226376
-1.979579
