-2.090001
-3.216373
-1.414819
-0.060798
0.935543
-3.219112
0.511649
-4.884750
0.079998
-2.723534
-3.150546
-6.073592
-3.111112
-5.241122
-4.566624
-2.135935
-2.697005
-1.750751
-3.470186
-2.787694
-3.637477
7.104963
-0.032602
4.272539
1.331930
4.152000
2.758093
8.957337
5.652426
1.345751
7.361696
0.728524
7.989778
-1.211101
6.135709
-4.698348
4.344890
-2.456439
-0.048606
-3.081989
0.688155
-0.358688
6.593536
-0.117154
3.754675
-4.613655
1.802554
-2.712841
0.159744
-6.810597
-3.758836
-2.192633
-5.554851
0.098740
-1.682417
6.018590
1.909394
5.856105
8.911656
3.714118
9.925735
0.521298
7.209647
-5.271757
2.395198
-8.648018
-1.554251
-5.901597
-4.056248
-3.992034
-5.797766
0.697027
-0.231982
4.307533
2.373581
1.388313
1.707745
2.139402
1.871594
-2.964901
2.836371
-3.565768
0.174556
-0.042996
4.036579
0.348751
3.315799
0.648627
4.097955
-1.895110
-1.140315
-7.629803
-2.602498
-4.622238
-7.468384
-3.394275
-5.626616
-1.404003
-1.498345
1.889873
2.434778
-0.278482
-0.989725
2.271838
-1.502314
-0.817482
-0.368500
0.533081
-0.810080
2.865705
0.730997
2.406032
1.090573
2.421083
-0.444210
-0.006806
0.007364
-1.451625
-2.210460
6.064900
0.308733
8.487354
5.922162
8.164374
6.667934
1.765014
8.469250
-0.772637
9.103351
-2.529518
7.856636
-7.847058
5.081240
-8.611134
4.449142
-8.030141
-1.685525
-7.389039
-2.683179
-6.519419
-4.829875
-5.009462
-6.455506
-3.671626
-6.575412
-3.984849
-4.028047
-2.488533
-7.786476
0.877326
-5.636523
5.403708
-5.874497
4.355528
-4.032976
7.075901
0.450783
4.936524
-0.378788
8.163650
2.348423
7.925910
4.732245
7.538539
9.642225
4.484101
6.429891
0.696291
7.839359
-5.084180
3.002935
-8.351471
-0.374554
-4.914718
-6.326877
-1.471577
-1.297596
0.188830
-1.658995
2.882396
5.469701
3.046664
4.246354
0.363596
2.930526
-1.228233
2.064212
-6.969036
-3.903805
-4.200059
-3.626513
-0.951936
-1.523498
2.685285
2.424174
4.286352
5.341913
1.656515
5.256897
-2.148524
1.497997
-6.389353
-2.630902
-5.592180
-2.507373
-0.623975
-7.371811
3.119619
-3.330075
6.516307
1.931482
7.922588
5.510042
6.814971
6.928679
3.432769
9.604538
-0.659440
8.271673
-0.390508
9.073702
-3.830795
6.862276
-6.150474
4.122520
-7.314359
0.431174
-7.640713
2.442440
-6.628098
2.327722
-5.192519
-2.188232
-5.688128
-5.166587
-5.239174
-3.215843
-1.596918
-3.741484
1.093180
1.222490
3.629378
2.766688
1.642792
5.462893
0.532364
7.803453
-2.868122
6.017813
-5.914898
6.338535
-7.668644
-1.615621
-7.604215
-4.251328
-6.995976
-2.313742
-5.525107
-4.912370
-2.193166
-2.837204
-2.379477
-0.607889
-1.929909
-1.390503
-2.320990
-2.196160
-4.303946
-2.200737
-4.120338
-4.734878
-1.305510
-2.646425
-2.083740
-0.356162
-1.490688
-0.302191
5.849513
6.311155
1.164292
3.770118
-3.398537
4.491264
-2.960187
-0.726611
-5.639709
-3.387891
-7.877489
-6.149351
-3.437747
-4.547902
-2.528162
-8.741584
1.154361
3.249173
0.558818
3.514186
1.159535
1.598971
0.394327
6.162991
-4.387511
1.306191
-3.639003
0.679357
-8.434920
-2.557573
-10.457670
-4.074199
-4.699274
-5.519284
-6.973713
-8.471428
-2.195120
-4.187061
2.483958
-1.222842
6.472359
2.705389
6.324334
5.951334
6.157307
6.529119
0.320625
7.437579
-5.122520
5.671055
-5.983413
2.367348
-7.559440
0.067351
-5.381832
0.236507
-3.964072
2.405239
-3.599292
1.834417
-0.777607
-1.256228
-6.336856
-0.251482
-4.927491
-3.573962
-4.592368
1.721027
-1.732675
2.211947
-3.127700
2.224947
-2.559445
1.459464
-7.034391
0.051690
-4.620234
-3.273186
-7.364813
-3.838506
-6.669189
-6.834259
-6.494916
-8.252532
-3.874101
-3.493599
-0.714406
-0.260035
-3.013399
-1.583735
-1.367600
-6.294371
-4.322698
-3.071837
0.063246
-1.509090
2.495835
-5.581525
-1.184168
0.073267
0.316650
-0.450473
-1.609710
-3.931415
-4.136803
-4.943743
-0.487542
-6.519477
-1.841416
1.310960
-1.954119
-3.393615
-0.445903
-2.235149
-2.165090
-4.177182
-2.085638
-3.715956
-2.176027
-3.735253
1.432781
-4.120395
0.092843
-1.883512
-1.203733
-3.390840
-2.691911
-6.827136
-0.385280
-7.866337
3.955158
-7.721525
3.034389
-6.017793
8.592394
-0.724136
8.720015
2.672900
7.327395
4.292140
5.501950
8.079192
0.898444
5.310866
-3.915760
2.294556
-4.228632
-2.914234
-5.753781
-4.768790
-2.199337
-4.792648
5.229481
-1.686080
3.836385
0.252092
3.672071
3.343868
3.379603
2.570891
0.666354
4.084208
-2.984749
2.004428
-5.494342
-0.383009
-3.798307
-0.808059
-5.118847
-3.457191
-4.083121
-8.157473
-3.067026
-6.727149
3.393426
-2.425281
3.713075
0.403091
5.065650
5.680807
2.157879
3.289138
-2.152137
2.815038
-1.186653
-0.517344
-3.497522
-0.935686
-3.752202
-1.010123
-6.191126
-4.298485
-5.834754
-8.548047
-5.315702
-8.284105
-1.871595
-11.168781
1.687300
-8.526782
6.014825
-3.144452
6.793347
-3.898248
4.977968
0.600868
1.671138
-3.816343
1.256064
-4.214974
5.472877
-1.233312
4.758081
-2.868299
4.035052
-0.242414
3.649413
-1.088554
4.673785
-4.153465
4.177969
-1.937186
4.791570
-2.320885
5.236868
-2.327952
5.600925
-0.438023
6.684200
3.163376
5.649956
5.717149
2.480852
3.827453
3.285973
4.049237
0.215018
1.678518
-1.722206
-0.350846
0.455378
0.023229
4.275838
3.181407
1.521012
3.035367
2.774002
4.644084
-3.457236
-1.953094
-4.853042
-3.846869
-1.946496
-4.261219
1.329614
-4.077280
2.873249
1.051146
4.056404
3.191365
-1.792614
2.231744
-2.514414
-1.026477
-4.441869
-3.502837
-6.357853
-2.878244
-4.578086
-8.460991
-4.750534
-8.155223
0.922129
-10.381188
-1.207954
-8.501110
6.486836
-7.313283
7.620567
-4.095395
8.505940
1.769426
5.809030
3.291360
6.943512
2.134013
6.164413
4.968449
3.089836
6.432456
2.958630
-2.644160
0.582891
2.277920
2.631787
5.419011
3.713242
5.122608
4.338117
1.889958
-2.289376
3.281012
-3.357491
1.472809
-6.346459
-2.746290
-5.198896
-4.439506
-6.581366
-4.464527
-4.484176
-8.537106
-2.589085
-5.434354
1.820030
-2.930024
1.009144
-3.817980
3.665930
-0.238483
3.897003
-0.020860
1.007491
-2.925179
-0.533860
-5.344417
2.214239
-3.774445
0.902876
-5.746022
4.030220
-4.182296
7.571757
-0.334095
7.454767
-1.602300
7.947652
0.266149
9.037906
4.177485
7.805763
2.176773
6.386823
7.541871
5.075860
6.880364
4.979566
6.885417
1.844085
5.853646
-4.510122
2.058299
-5.147876
-1.352178
-2.753544
-3.805254
0.431091
-3.816065
7.695144
2.802055
8.123171
6.359975
5.002581
10.017724
0.478364
9.368317
-0.245597
6.150818
-4.430723
2.655307
-4.078459
2.182791
-4.817591
1.048940
-3.589303
2.717619
-0.939972
1.781128
-4.370767
2.497899
-5.402177
0.313197
-7.938867
-2.220945
-4.541554
-4.475999
-3.410523
-7.591843
-0.548258
-6.020671
4.519932
-1.729451
4.188994
2.518162
4.812545
4.702906
1.229449
1.374657
-3.279030
-1.044877
-5.148001
-3.363591
0.556100
-2.108214
1.753701
-0.015693
2.864426
1.574144
2.269999
2.096833
1.322608
4.446712
-2.691989
3.396601
-8.862292
-1.797255
-6.878043
-6.780481
-3.647004
-8.569649
-0.171232
-7.074215
4.686604
-3.829011
5.712520
-2.804285
5.586373
-5.090872
6.084231
-1.888590
9.188334
0.785611
7.658727
4.378312
3.953936
9.233546
-0.740035
6.080911
-3.203270
1.272736
-3.084622
-2.023755
-5.670224
-5.681821
-1.185580
-1.254315
3.676900
2.165501
5.710699
5.402711
3.283445
3.971366
-0.899780
2.805267
-3.298182
-1.385506
-4.883744
-2.738614
2.885509
-0.641585
4.992538
1.735640
5.998825
4.920610
4.556275
8.007945
2.410515
8.472499
-0.863069
4.404026
-3.143179
2.929584
-6.517918
4.210106
-4.994752
0.299772
-4.331707
0.437724
-8.339147
-1.298575
-7.128173
-4.042687
-6.683962
-5.320833
-5.682705
-6.763651
-1.793463
-3.364611
1.322655
-1.583935
2.125631
-1.889641
0.669626
-1.421103
2.737280
-5.833922
0.943104
-6.356098
1.781356
-4.619972
4.400395
0.176591
7.349899
5.152829
2.356548
6.472698
-0.560190
2.727621
-2.908359
-0.060706
-1.690877
0.538682
-0.714896
1.972765
0.184001
0.930838
-1.899475
2.089586
-3.768873
1.798440
-5.602894
-0.384974
-6.648461
-2.329947
-3.528499
-4.591605
-3.394102
-4.043821
-2.483950
-10.481622
-3.409861
-9.182137
2.304798
-5.244297
4.873334
-5.009101
7.821713
-0.548146
8.035474
-0.753416
6.774462
1.866570
3.833878
3.127073
3.555264
8.111521
2.703088
1.007077
-3.872270
-0.590636
2.305795
4.801131
-1.423184
6.098205
-2.926506
2.047281
-2.424754
1.936623
-3.588476
1.036291
-6.346576
-3.858967
-6.152333
-5.675278
-5.341416
-1.502966
3.143143
1.018754
4.618792
1.051062
2.673742
8.615779
1.096258
6.156266
-4.856980
2.762927
-9.139462
1.637200
-8.224166
-0.553817
-7.202942
-5.350978
-5.685314
-4.968671
0.205768
-5.254899
2.499497
-5.935843
4.377072
-2.162080
5.219822
2.102776
1.902339
4.659082
3.030486
3.984580
-2.857140
-0.959450
-4.250405
-0.465530
-4.438625
-4.790446
-4.986125
-5.725525
-1.032087
-7.630181
4.339583
-5.933990
7.444812
-2.729180
8.571436
2.577012
8.885114
-0.034408
6.257030
3.525158
3.668842
3.192881
2.778280
3.696847
6.281491
5.792514
1.373087
7.316495
-2.809608
7.072801
-7.583297
1.440975
-6.928140
-4.026506
-6.255666
-8.815534
-3.610105
-9.179638
0.990970
-3.051758
5.627872
-0.327179
7.541445
2.582514
6.284687
4.721641
2.196756
3.727146
-2.497998
-1.662929
-2.893837
-4.503277
-0.707704
-4.487369
4.237213
2.059912
6.575153
3.982469
5.180681
5.705433
1.310486
1.917495
-1.601266
-0.028546
-4.134629
-4.529572
-0.806886
-4.208591
0.566903
-4.693756
5.795218
-2.834446
8.306078
-0.847339
7.761071
7.996619
8.336072
6.902367
5.321550
10.927010
1.224881
8.546708
0.876285
5.462400
-3.507538
6.673761
-2.548522
3.012294
-2.089647
4.750196
-2.708131
4.257989
0.162799
4.631079
-0.334377
5.347302
-3.174771
4.333985
-2.470284
6.597974
-5.618526
2.312052
-9.211356
-2.446959
-7.549014
-5.438385
-4.895632
-4.711479
-1.732084
-5.018856
2.168236
-3.401323
5.861600
2.176989
4.316472
6.060019
2.999049
7.688884
0.660542
6.666888
-2.784195
5.254266
-3.158872
4.893156
-3.325096
3.156991
-6.498655
4.339887
-7.763557
1.510451
-8.334721
-0.026314
-7.132394
-0.957662
-8.217496
-2.329323
-7.361427
-2.982587
-8.194712
-5.447989
-7.385061
-5.564603
-4.729267
-8.783712
-2.599440
-7.647904
0.259981
-8.487786
1.327760
-6.380198
5.224174
-3.588545
5.178307
1.876555
3.047044
3.628100
2.418855
2.988321
-4.582320
0.665837
-5.303309
-2.789800
-1.835914
-5.457457
-0.407782
-0.940361
1.336390
-0.450645
1.385897
-0.956979
2.077854
-3.097292
3.277465
0.052115
2.911721
0.664406
5.483207
4.129640
3.724065
3.195622
-2.020936
3.832830
-2.593132
-1.174222
-3.414473
-3.802042
-1.612852
-3.481121
2.348598
-0.077050
3.829511
1.180973
3.477058
3.451082
-1.558573
1.175813
-1.706192
2.609325
-3.116756
2.986989
0.802082
1.690035
-0.595312
3.127733
-3.120352
1.102375
-5.203709
1.066740
-2.428507
-3.589712
-1.937531
0.228264
0.701677
1.290725
-1.182672
-0.990478
-1.495848
0.986665
-4.190588
-0.499730
-4.889739
-1.475011
-4.815470
-2.859605
-2.379556
-1.501598
-2.128407
-4.697999
-1.868352
-8.376296
-0.804506
-2.787741
2.597123
1.644796
5.863162
2.584763
1.279496
5.541351
-0.087414
4.838573
-6.945808
-1.324017
-7.766337
4.950647
-3.249994
1.315721
-4.603483
-3.780689
-5.520342
-3.675027
-2.756108
-4.835025
-1.778826
-5.103621
-0.190742
-0.918057
5.695275
2.496970
4.669372
3.393726
3.217070
0.598918
-1.010840
0.006451
-5.695265
-4.545419
-4.266635
-3.133437
1.008712
-3.965854
3.075660
-0.736797
5.514080
-1.582647
5.900511
-0.567622
6.433831
1.332384
7.603907
4.700551
7.307225
7.990955
5.018754
11.933947
-1.342011
6.690912
-5.227214
5.405309
-5.030637
1.174008
-4.629846
1.971871
-2.599721
-0.909487
-4.736358
1.676564
-1.775382
0.374327
-4.249474
0.181817
-4.977042
-0.830649
-4.926293
-3.269920
-5.480165
-3.802901
-5.838198
-6.321370
-1.554167
-5.666185
-2.721323
-7.167205
-0.499168
-4.047550
1.698599
-3.041070
1.879228
-2.015877
-2.800771
-3.919540
-4.084733
-6.098960
3.245064
-7.038776
4.191924
-3.234464
7.272706
0.113824
11.984051
0.477077
10.268287
2.850571
5.888879
2.725652
3.392040
2.538574
2.384933
-0.168901
2.865466
2.596237
2.990627
4.137315
3.269625
4.278785
1.590198
3.277522
0.483627
4.599757
1.264462
1.607230
1.483632
4.478909
2.077455
5.494662
2.262004
10.166821
-0.025766
6.076590
-5.784824
4.639916
-7.932548
0.758930
-8.707977
-5.423131
-7.321654
-0.257014
1.280086
-2.368727
2.020124
4.711214
1.195088
5.110568
2.449444
5.820206
-0.810093
3.843204
-3.357999
3.667351
-4.966765
3.073725
-8.578209
-3.004371
-5.275574
-2.541097
-6.352541
-1.864267
-7.421106
-2.762180
-5.913065
-5.327786
-4.549779
-8.473230
-1.344635
-9.251819
1.918231
-5.700759
3.936524
-2.161151
6.234077
4.462962
3.999338
4.849768
2.304078
4.753619
-5.285111
1.751827
-3.675859
-1.401239
-1.861317
-1.965207
-3.715874
0.693085
-1.167351
0.366935
-3.212587
0.379526
-3.338313
-1.052775
-4.963494
-4.567945
-5.966500
-7.159291
-1.350102
-7.081052
-3.406278
-9.967967
-4.249787
-7.618441
1.047970
-6.891018
3.600871
-3.854348
6.953169
-4.238041
10.696748
4.529000
5.980622
3.273128
3.261402
4.159627
-0.868918
2.545964
-5.993444
-3.988970
-1.578448
-3.952239
2.403027
-4.610365
3.700838
-2.210222
5.674331
-0.355418
8.483510
6.502210
6.194839
7.270546
1.433507
8.225627
-0.776605
5.593487
-6.812665
-0.204669
-2.511246
-0.694843
0.385378
2.142705
0.950984
3.519595
0.855795
1.564010
-3.717346
1.171612
-2.855612
-3.736673
-3.696664
-4.307702
0.655540
-5.105934
5.880340
-2.564336
4.876789
3.285827
3.463961
2.630838
1.616479
1.459249
0.388771
-1.462735
1.805474
0.532080
0.768781
5.247364
0.877390
5.274560
-4.758301
5.541293
-1.875194
-0.801364
-5.650592
1.010872
5.067817
-1.414806
3.666996
-0.382813
3.978079
7.551024
5.687603
8.608215
6.655433
9.296539
-1.246350
7.552858
-2.174954
4.455668
-3.246885
3.642762
-5.595589
0.925019
3.614198
4.064315
-1.150579
7.247114
-5.171180
2.744104
-7.713328
-1.688953
-9.101106
-3.933704
-5.663137
-3.039731
1.289411
-2.302968
2.429545
-1.472427
0.525581
-2.295466
-2.133612
-4.120280
-3.900102
-3.179084
-0.967766
-1.804719
1.045306
-2.411456
0.666494
-3.336520
1.126486
0.844750
2.066032
-4.518596
-0.142375
-1.771430
2.482284
-1.907715
3.714814
0.537751
2.111221
2.855652
3.161577
4.724175
0.230107
3.339423
-6.138149
1.488412
-5.759419
-1.822554
-4.931772
-2.971117
-7.815124
-7.558141
-4.047747
-6.598772
-1.579713
-7.540416
0.812014
-5.139279
4.579390
-9.145242
2.966345
-4.985831
5.207462
-5.011414
6.646040
-3.454191
8.895014
3.680253
5.207550
6.044859
5.716559
7.788302
5.086497
10.131528
0.418101
6.338682
-3.485252
0.649998
-5.443419
-0.590383
-6.596519
-3.526277
-8.870411
-4.383371
-2.047046
-5.947629
-4.847252
-7.019837
-3.903040
-8.330920
0.161426
-6.732099
5.779514
-6.028583
7.808700
0.177121
9.117159
1.275378
5.802531
4.612714
2.732870
2.377854
2.147370
-1.371278
0.868633
-0.293181
4.049297
4.802714
2.830524
2.301723
-0.407326
3.964105
-2.964421
-1.016042
-4.834988
-4.498529
-4.482035
-4.306682
-1.011374
-4.084811
0.176453
-2.428977
4.459380
-0.647457
3.078754
-3.696922
-1.819929
-4.150049
-1.099708
-4.992556
-1.148996
-3.973964
2.605657
-1.343143
3.568025
-1.902338
5.327899
-0.911252
9.165310
2.970357
6.926713
3.346686
4.571887
5.043227
-1.142369
3.714164
-2.142427
-1.560513
-3.188015
-4.387691
-4.097512
-0.770967
-0.071032
-1.559321
1.374388
-2.369837
2.594558
-1.770086
-1.014480
-2.875371
0.059789
-4.889966
1.015451
-5.393107
6.758658
1.842720
6.834145
4.132395
5.867266
5.662917
-0.687197
3.307964
-1.472647
-2.044062
-5.502716
-5.540963
-1.779311
-4.477249
0.633578
-3.073290
4.717778
3.854178
3.928277
2.719898
-0.482259
3.786444
-2.931022
-1.880536
-4.314355
-3.334146
0.036588
-4.446216
-0.397703
-4.200418
1.144720
-1.160519
2.238643
-0.055702
1.434934
-0.064604
1.730667
-2.981000
1.198492
-2.099050
7.939147
-1.175870
3.774141
1.251923
3.956725
1.647425
1.490932
1.526616
2.844363
-2.689418
2.266756
-1.272585
1.373641
3.157714
3.592600
-0.568959
5.568182
0.109132
2.305082
-1.703529
3.940974
0.017207
5.016000
1.071399
3.367274
-1.909434
5.319678
3.342717
4.135831
-1.348095
-0.029867
-1.060003
2.781110
-0.281573
6.283305
3.417651
7.738429
8.704896
8.738359
7.009250
5.738999
10.215843
2.014754
9.326829
-4.163089
8.499798
-3.105614
4.586479
-6.389770
1.541824
-2.685226
0.600238
-5.898535
-0.199635
-4.207589
0.780397
-4.462321
-2.428869
-4.379468
-5.346070
-4.999159
-7.389532
-5.767751
-10.953432
-1.439404
-10.261425
3.612773
-5.830752
5.054621
-5.121333
1.742255
-2.773149
3.725571
4.573915
6.796959
3.146278
0.752330
5.170915
-3.173062
2.209401
-3.649538
-0.201513
-3.010655
-3.494529
-4.137025
-4.856076
-7.284084
-5.486063
-6.693395
-6.594497
0.188739
-7.691883
-1.220717
-6.086129
1.314106
-1.083912
3.641284
2.342046
3.079072
6.388166
1.331743
4.293857
-3.125417
2.074354
-4.918119
0.136600
-6.446770
-5.498637
-6.060028
-5.463810
-3.027776
-6.956470
-4.819765
-6.360727
-0.541553
-3.807787
2.505067
-2.413763
1.990078
-4.445565
0.237686
-4.281943
-0.067088
-7.381348
-0.735120
-4.214694
-0.744945
-4.385327
-0.521964
-1.996981
1.046688
-2.703859
1.871591
-3.173396
-1.552110
-2.710025
0.579481
-2.017924
2.486866
0.718323
3.466838
3.879045
6.999719
2.535391
3.108863
4.038867
-1.864395
5.139992
-5.142794
-1.866454
-4.565574
-8.240175
-6.465424
-7.760393
-0.729504
-8.088868
4.415414
-0.982553
5.896230
2.770214
6.424432
3.897160
4.692058
1.490530
0.480808
2.122429
-2.467041
-1.930372
-3.657340
-6.654820
-1.033963
-7.075025
1.321949
-3.999059
8.907734
-2.780326
7.308727
0.863443
6.544479
4.348215
5.641735
7.298982
0.797391
7.222063
-1.992365
1.301889
-7.261678
-0.223459
-5.177509
-4.893632
-5.397185
-4.356069
-3.557330
-5.682195
-2.382358
-5.723276
-2.778467
-5.098522
0.492566
-6.170300
4.832926
-5.807404
4.627173
-1.330290
4.311509
0.909472
8.696754
0.291726
6.953484
0.625191
8.897915
5.125310
8.120779
12.226819
4.871181
9.596920
-0.815547
6.829510
-5.647597
2.823359
-5.133225
-0.761337
-5.332693
-2.702185
-1.378991
0.158188
-0.269324
1.827069
0.621352
-0.721019
-2.298183
-2.063769
-2.723210
-0.271059
-0.751089
-0.072597
-4.362038
-0.794293
-0.805195
-0.581326
-1.945953
0.041556
-4.773498
-1.932747
-4.300055
-4.273889
-4.098393
-9.334952
0.667503
-5.421727
2.825687
-5.911530
4.173588
-0.214279
11.298546
3.539526
8.126459
6.785401
3.821568
7.730504
-0.782358
5.829236
-3.111457
1.083969
-4.821786
-0.231005
-7.435642
0.305672
-4.811782
-0.817882
-3.803177
-4.869248
-1.502129
-7.147396
-2.942059
-6.638921
0.917767
-4.311740
5.520541
-3.680046
9.506139
4.022684
4.628739
4.277586
0.104376
1.633028
-2.054995
-2.116223
-2.036109
-5.125053
1.549499
-4.366160
3.943266
-0.690748
7.603731
1.924373
5.993585
5.169251
5.843505
5.081162
3.731411
3.897169
0.185265
5.917320
0.580327
3.347120
-2.461332
1.055268
-6.026313
-0.087905
-3.966309
0.555819
-3.937295
-3.602997
-7.389610
-3.926697
-4.108467
-7.672055
-6.666594
-10.455275
-1.587439
-11.122850
2.352302
-8.144415
6.970145
-0.016651
0.782365
-3.095538
2.159134
-2.115214
6.160792
-3.911619
2.656227
-2.137784
5.217084
-1.356644
6.173526
2.784207
6.517848
4.559086
1.253723
2.879211
-2.423356
0.118264
-2.898870
6.373983
-1.880955
2.717679
-2.946777
2.193192
-4.648866
-1.488445
-7.761728
-5.841545
-6.482331
-6.373346
-6.586046
-8.207496
-1.220530
-5.843638
3.480515
-1.845962
4.497207
3.721745
2.406351
1.226873
1.220688
2.975667
-6.709018
0.562595
-7.188294
-5.971272
-5.888963
-8.190751
-1.174071
-6.672617
2.869541
-6.407678
4.263505
-0.337032
7.098774
2.548070
3.996763
5.269122
-3.293503
3.385484
-4.547892
1.464150
-4.210111
-5.859573
-3.522030
-3.530842
-2.898593
-3.532760
0.704429
-2.317958
-0.672290
-2.310725
-3.264938
-5.264427
-1.707445
-4.919991
-1.046443
-5.001215
1.107252
-5.896703
4.210422
-1.217106
6.244514
-5.267578
6.295948
-0.886344
7.723117
4.326053
5.847565
3.115247
8.498486
5.700843
2.938812
8.082293
0.537591
4.820576
-3.374957
0.657413
-5.238161
-3.951891
-3.954672
-3.129301
-0.899489
-4.881588
4.545152
1.232343
1.976515
2.962306
2.399929
6.438123
0.314686
4.590337
-4.640009
3.930201
-5.078795
-1.285265
-8.054535
-3.315276
-4.140619
-6.572133
-5.434489
-4.890482
-3.047162
-4.167807
1.379521
-8.645910
0.652353
-5.619068
3.318195
-2.986893
5.962584
-1.197451
7.847352
7.163276
6.239641
6.737520
4.342964
10.286221
0.938697
5.438478
-3.224735
4.239370
-5.317703
1.663069
-7.170788
-2.963390
-7.189591
-2.692757
-7.352231
-4.209168
-8.374069
-7.097921
-1.962009
-10.575526
-2.268327
-8.303269
2.640318
-4.866046
7.194433
-0.619876
7.937764
3.119936
5.639488
4.849141
2.664635
3.523123
-2.460710
-1.605651
-3.602102
-3.425271
-3.855352
-3.214427
1.221678
-4.944747
1.187448
-0.482925
2.796286
-0.913184
0.541613
-0.009477
-1.420903
-4.161611
2.147064
-4.734108
5.720280
-3.808601
7.309357
3.557749
6.729974
4.253410
4.938185
6.367784
4.810959
7.479867
0.322438
6.657089
-5.468120
1.400107
-7.104000
-1.134091
-7.489798
-5.116650
-6.296759
-4.157075
1.380760
-4.964392
2.106691
-1.513553
4.105143
4.200989
1.937619
3.797624
-1.732750
3.934585
-3.715138
-0.220545
-7.570246
-6.168354
-6.801228
-8.748680
0.755958
-8.048080
3.168176
-4.089382
1.947639
1.349141
5.510567
2.180195
6.382271
5.037738
0.182646
1.204881
-3.511843
-2.573680
-3.246774
-5.098177
-2.446838
-5.941553
-0.418107
-5.842964
1.530376
-7.495205
3.877528
-5.964499
5.136625
-1.378255
7.721353
-1.400794
9.196066
2.901017
8.907619
3.858480
6.491792
7.657047
3.428770
4.850871
-1.603911
3.481980
-5.738839
-0.966334
-3.623676
-1.754805
-2.184941
-3.820320
0.962331
0.296319
4.231021
0.895526
5.595076
2.192519
1.331471
5.324318
-2.438582
0.862647
-2.932781
-0.691492
-1.694349
-1.414362
-1.172742
-3.432926
1.439968
0.108810
-0.932150
-1.535500
-4.077785
-4.413952
-3.586122
-7.690211
-0.944805
-10.484583
3.191678
-5.660071
6.133725
-3.786879
-1.188827
-1.607182
1.591103
0.552831
3.160849
0.414263
-0.072901
-0.335559
-2.706734
0.533473
-3.944899
-2.002744
-3.442374
-4.106710
-0.667880
-7.708702
-3.687831
-7.871754
-0.114477
-7.318384
4.240148
-3.848430
6.413859
0.694049
5.992792
3.807579
7.210643
5.402882
6.405517
8.674598
1.840839
8.808969
-0.129412
7.258332
0.186039
7.590393
-3.870305
6.907583
-4.825312
4.941959
-5.776127
3.604865
-4.685590
2.368650
-5.749856
0.135412
-9.362262
-1.551294
-6.134076
-4.075275
-6.932182
-8.287773
-6.587943
-7.124224
-0.714521
-9.129671
-0.383881
-4.667026
1.284967
1.785257
4.069702
3.907007
1.663069
2.862679
-4.913515
3.007957
-5.928097
0.729195
-6.090817
-3.531161
-5.771904
-4.322067
-5.078115
-5.505990
-4.714593
-7.112921
-5.747273
-7.948147
-1.259014
-6.993239
-0.524616
-6.883281
2.728133
-7.051962
4.989110
-5.887470
5.371032
-2.410810
9.773731
-0.332949
7.820877
3.117629
8.233534
6.663293
5.004433
8.136191
-2.128822
6.553934
-4.375905
1.756088
-7.652439
-0.558125
-5.177161
-5.815036
-8.054113
-8.541330
0.051266
-7.266316
2.134746
-5.872134
5.371847
-1.324489
6.249836
2.226860
5.559605
3.412313
1.415050
-2.267934
-2.172471
-4.563334
-2.108018
-9.386657
-2.674532
-12.038592
2.371184
-4.945967
6.274603
-1.704750
9.299130
0.776247
5.993278
4.572084
3.673775
0.637098
4.580540
0.040955
4.023411
-0.097294
5.958612
0.598644
3.344724
-0.122152
4.481435
3.435786
1.630294
1.144158
0.611804
-2.056584
2.688378
-0.279598
2.887125
3.421702
3.504043
3.777773
0.465024
4.045150
-1.896800
2.020971
-2.067172
-1.184020
-4.953206
-4.893166
-0.972228
-3.489678
1.334591
-0.332690
1.874804
-1.700595
-0.489774
-0.767649
-1.178734
-2.408203
-2.825858
-4.612041
2.392422
-1.947642
4.764225
1.570973
8.116972
5.127875
2.046735
3.983881
-0.904529
2.067137
-3.979640
-1.788570
-1.846512
-4.961894
-0.350774
-1.384538
3.985561
-0.991071
4.920789
3.577533
2.969552
4.886744
0.117001
1.585004
-0.139994
2.915874
2.059581
1.317597
1.250184
2.069223
0.792040
7.740011
0.081889
7.437343
-1.644094
7.370267
-2.330450
10.192406
-3.486742
2.221455
-6.348225
3.222137
-7.489862
-0.420940
-8.875476
-2.640904
-6.510776
-5.266907
-4.604913
-6.199617
0.176623
-4.928162
3.311135
-2.760549
4.690589
1.717177
2.759592
5.002932
-2.150039
4.116829
-4.592458
2.069725
-5.975068
-5.831738
-4.219233
-5.007856
-1.459929
-2.385697
-0.189737
1.080479
-2.789384
-3.717848
-1.431437
-3.848679
-2.325734
-7.900908
-1.378686
-6.670902
4.807069
-5.943389
5.924458
-7.029743
4.601840
-1.855911
10.619686
6.271917
10.230967
7.773813
5.318959
7.364563
1.201872
6.364565
0.061818
1.343860
-1.240301
3.958707
0.196113
1.212641
-0.973047
-5.541236
-2.421624
-0.051185
4.274185
2.981845
2.553063
1.992275
3.409698
4.408430
-2.897696
2.327417
-2.581157
3.213626
-5.648656
-1.974308
-8.922001
-5.673039
-5.102680
-5.749200
-5.968509
-7.057612
-1.055589
-7.009685
-0.718207
-4.719807
-0.571334
-4.500004
1.463180
-3.299091
4.180185
-4.018682
0.073870
-1.109245
2.949094
-4.937194
2.040929
-5.380600
2.677082
-3.426433
4.312668
-1.925669
1.116816
-1.775721
0.244508
-4.019765
1.479623
-3.082971
1.213585
-7.232745
2.368748
-4.044544
6.465886
-3.069042
7.709301
-1.681394
9.643941
-1.369859
6.409073
-0.080526
5.546624
0.124280
5.041314
0.560712
3.965685
-0.567541
2.062153
-0.743431
6.882379
-0.596581
5.834445
1.660416
6.462796
2.256644
4.425769
4.989059
3.473521
8.631204
2.558406
7.457117
0.199964
2.261874
-3.543975
1.873722
-5.180434
-3.462159
-2.489962
-3.778355
-0.586698
-0.616895
3.945852
1.727110
3.791873
0.073203
0.447891
1.552566
2.711108
-4.673703
1.287462
-0.832149
4.473056
2.269577
6.565390
2.696696
6.816220
9.246813
0.257502
5.884788
-4.977146
-0.869756
-5.489566
-4.052771
-3.890658
-2.889940
0.436692
1.918352
6.996948
3.563823
3.412813
4.638536
1.063239
4.230143
0.835870
3.703192
-5.116761
1.708435
-5.918307
1.568286
-5.223898
-0.734125
-5.988255
-4.330323
-5.552383
-4.879173
-6.890865
-5.228752
-4.389055
-7.311355
-1.954034
-9.278463
-0.329021
-7.410823
3.281977
-5.528417
4.772519
-3.169914
4.538651
-0.403552
2.709107
0.907987
0.882841
-2.560331
1.011521
-3.356719
-0.012453
-3.622980
5.144465
-5.765750
5.529018
-1.703027
10.003420
-1.022924
9.111132
2.426365
6.193586
2.402686
5.164617
7.655303
4.578359
4.572271
-0.235273
0.955283
-4.440363
-2.955197
-2.179722
-3.646450
0.900513
-3.828417
10.406582
1.213221
10.417220
5.031546
12.168943
6.411022
8.565447
7.154276
2.751818
7.831025
4.160955
6.556829
0.441575
6.164080
-1.518114
6.148108
-5.611464
2.037593
-4.235681
-2.334609
-1.788989
-4.565168
-1.611055
-4.417482
2.266197
-1.115990
5.724638
2.857219
6.076187
-0.614075
4.058272
0.652248
2.982796
3.904995
2.490439
1.570854
2.397552
1.650629
4.332013
5.566890
1.513311
2.139665
1.311350
2.562118
0.800788
3.104607
0.534983
1.449210
5.069501
4.832028
3.076964
7.075274
3.747392
7.568716
-1.195753
4.131618
-4.601079
2.443545
-8.438407
-4.446187
-6.346205
-6.202543
-1.889518
-6.486035
3.658207
-0.499421
4.728325
3.622924
6.096857
5.471786
-1.688229
3.615616
1.117137
3.300576
-2.563524
0.751545
-2.531854
3.274842
2.058605
-3.906208
-0.913211
-1.076423
2.204987
1.518661
1.186916
0.626139
1.713635
3.505763
0.833636
5.874242
1.815063
5.851830
-0.902826
4.047659
-4.088482
2.678069
-5.516088
1.169104
0.820167
-0.570833
1.194415
-2.516147
0.658733
2.233288
0.554795
2.647958
1.876174
9.166828
0.246098
7.351315
0.136686
9.488316
-3.722768
4.470705
-4.079362
1.764061
-6.725806
-2.145022
-6.830419
-7.214875
-5.860725
-8.708581
-0.130809
-6.949371
8.052632
-1.035391
7.654435
4.819876
5.285025
6.385347
-0.387550
5.269575
-4.253264
-0.894345
-3.027354
-5.960402
0.105219
-5.676572
3.757088
0.372562
8.082062
2.535965
7.162934
7.024212
1.707179
6.911552
-5.316269
-0.230677
-6.396835
-2.112449
-2.335899
-4.011637
1.059614
-3.402278
3.764775
-0.164646
6.607948
5.662631
4.047389
5.624599
4.401346
5.025280
2.875933
5.485656
-0.055879
8.886658
-3.069171
7.011358
-5.221857
2.993155
-2.706166
1.979432
-3.610764
1.035510
-2.781977
2.804349
-2.536773
3.706341
-2.250104
2.794367
-3.511811
1.539160
-4.199617
2.129785
-5.091865
2.692653
-8.600703
-2.759555
-4.969558
-4.766539
-5.420129
-5.672460
-1.718757
-6.218016
2.765072
-0.801893
3.448390
3.279328
3.178031
0.867095
3.521618
3.623489
0.091644
5.769952
-1.963755
4.197022
-4.021476
3.211428
-5.442025
2.133726
-4.826770
-0.100440
-10.055960
-0.652260
-7.099092
-0.783116
-9.474361
-5.249042
-6.649070
-4.471748
-5.174621
-6.935139
-6.009930
-7.086763
-1.901533
-7.787237
-1.164024
-7.046324
-0.388853
-7.339351
2.577021
-6.503853
3.234355
-2.642208
4.817060
0.140110
7.215103
2.960778
4.062761
5.311047
2.907949
4.312299
-1.200487
-0.665815
-6.552596
-3.086487
-1.476380
-3.888634
-2.367970
-1.161090
2.467623
-3.485748
3.496255
-1.465115
0.391156
-3.634327
0.905868
-3.414946
1.955285
3.831766
2.330139
2.928844
2.842952
6.019691
-0.804326
1.690593
-1.812182
-0.311393
-3.950685
-4.356825
-1.662289
-5.298580
1.457603
3.300582
4.084301
3.777746
1.937071
3.611074
-2.992951
2.725116
-3.807469
2.990520
-2.577624
0.293166
-1.472158
2.887454
1.576740
1.858486
-3.413984
0.030507
-3.596401
0.622353
-1.841803
-5.649134
-1.696377
-1.572910
-0.927305
0.453788
1.401149
-0.271036
1.128236
0.738447
0.676560
1.442271
-5.012717
-3.820801
-4.164091
-5.009893
-4.389625
-6.536814
-1.388179
-7.455471
-3.131778
-3.707462
-0.527942
-7.292562
3.432153
-3.553257
5.690375
-2.848501
7.407076
0.545380
8.404831
4.477630
9.005361
7.942550
3.512650
5.845816
3.344319
7.870708
-1.572383
4.958010
-6.199344
0.084784
-3.562903
-1.406275
-3.453297
-3.993187
-2.118472
-1.964608
1.162306
-2.751877
2.434490
2.499991
4.492745
5.286958
2.585140
7.349949
-1.337216
7.734800
-5.047088
2.158767
-6.528528
2.817642
-6.301829
-3.004236
-9.213814
-7.140011
-7.762703
-8.621218
-2.868775
-7.246338
0.431834
-7.672931
2.804394
-3.626099
3.082974
-2.380908
0.986773
-4.551882
-1.861847
7.143703
-0.005264
1.693602
-0.783161
-1.274921
-2.287153
2.786328
-0.809431
1.510923
2.315679
2.409058
-2.022515
3.019237
-4.275667
4.900208
-2.700057
0.004075
-4.886737
0.815313
-4.814984
1.752573
-1.959741
1.689308
-0.719674
3.879356
-3.509151
1.392417
-4.191130
1.369064
-4.056400
-0.049537
-0.751611
2.898540
-0.772725
4.250085
-1.969714
3.907777
-7.223689
2.700094
-9.729061
-1.893187
-9.780871
-3.553085
-8.699930
-6.645023
-5.225779
-6.545952
-1.956203
-4.855719
-1.612456
-2.408137
-2.446652
-4.631621
-1.851025
-7.028902
-2.530694
-4.359787
-2.516353
-6.070158
2.061535
-1.640614
5.573955
2.094382
5.218288
4.642477
7.372284
6.058866
3.352654
7.672319
-1.860498
7.479297
-5.200230
3.979188
-10.516795
-2.809771
-10.048491
-4.372350
-7.151370
-5.481364
-1.880938
-5.304888
-3.837431
-1.811903
0.205607
-4.968140
-3.122609
-5.598910
-1.617773
-5.830657
-2.147813
-7.092014
-0.320898
-8.823260
3.928457
-2.615925
5.133277
-0.356277
8.568761
3.288239
4.708902
6.006548
1.483252
3.435797
-3.733070
-2.597982
-5.615949
-6.479311
-3.501651
-3.862074
-1.147637
-2.779130
3.294726
0.200772
1.525211
5.115625
0.987292
4.163061
-1.763910
-0.080406
-4.715571
0.069244
-4.635691
-3.188602
-4.174668
-1.661216
-3.405474
-1.232029
-1.764317
-0.833903
-0.865351
-0.641606
-3.278847
-3.365796
-3.037335
-3.881057
-0.599353
-2.684938
-0.924256
-2.923523
-1.073780
-2.664810
-3.966277
-7.055289
-3.774305
-7.286617
-3.011574
-10.256936
0.483057
-10.450579
7.871553
-3.012697
6.774073
-0.061318
6.239512
1.411520
4.007801
-0.126845
1.471961
-3.104572
1.799531
-3.579134
2.915727
0.160783
0.755907
2.884644
2.241112
-0.019454
0.344892
0.714396
-0.602105
-0.200984
2.467576
0.827910
1.324154
4.157163
3.114488
5.713119
0.237978
4.143035
-1.732681
-0.098796
-4.520594
-4.963168
-4.986130
-3.954708
-2.332728
-4.765537
-1.779828
-1.568227
0.913849
0.202316
0.564275
-2.791724
-0.363226
-5.876108
-1.710627
-8.460630
2.471024
-5.771046
6.277296
-3.255577
8.456511
2.872738
7.098705
5.048771
6.293261
9.057186
0.323724
7.675245
-1.999135
6.125683
-5.667793
1.531814
-7.747053
-4.234310
-7.924578
-4.782975
-5.358620
-8.447735
-5.242915
-7.723057
-2.287665
-7.071026
0.074611
-6.813175
2.978492
-3.855093
6.515932
-2.527394
4.501129
4.760290
7.695950
6.387515
3.580547
8.364606
2.234952
8.814551
-1.901846
0.827400
-6.438164
-0.078480
-8.770270
-4.264348
-7.246474
-6.763590
-2.935246
-5.194019
0.876261
-5.161697
3.325731
-2.606123
1.542629
-0.257025
2.056120
-2.176064
0.530661
-3.102261
-4.188362
-6.763683
-0.090646
-8.250308
-1.564613
-7.788758
1.346902
-7.159719
5.688192
-5.791715
5.343116
-3.063490
4.639717
-0.818337
5.590175
-3.478218
4.670545
3.497931
1.643061
5.919248
1.747581
3.908853
-1.813919
6.451293
-4.850784
3.264349
-5.689661
2.513455
-7.880582
-3.379645
-10.250398
-3.174795
-6.478938
-4.823253
-6.247918
-7.494694
-6.972873
-6.931572
-2.573221
-8.093263
-0.973381
-7.615239
1.691417
-3.710724
2.332228
-4.022781
2.843804
-3.014230
-2.169903
-4.073241
0.650369
-5.157918
1.457824
-6.080866
2.818545
-5.137725
4.025411
0.264186
8.118373
6.174506
4.685572
7.024306
4.363626
6.204521
-0.913856
7.384787
-7.242013
1.602165
-7.928102
-0.424904
-6.550682
-4.918974
-5.394599
-7.693022
-3.776451
-5.772983
1.582974
-1.305761
2.967660
-0.355922
-0.378247
-4.149048
-0.760896
-4.963331
0.516828
-6.738303
5.359713
-5.461932
6.347880
-1.346087
5.126248
6.394751
3.288341
3.774404
-1.373536
0.166555
-1.865224
-6.163579
-1.425722
-4.761307
2.962755
-4.512237
5.258331
-1.810213
6.690102
0.417502
0.510640
1.167635
-0.262762
-0.050850
0.964184
0.938858
2.199742
-0.434249
4.228452
0.265481
1.701910
2.696868
3.371758
1.089167
-2.611066
-0.233026
0.656645
1.106824
2.347164
1.665912
1.894151
3.356973
1.127164
1.591322
0.753818
1.978522
-1.763850
-0.313363
-1.862034
-2.666064
1.708234
3.970732
-0.243710
4.372809
-1.863449
5.313398
-4.914428
1.177192
-4.793443
-4.558946
-4.449222
-2.586562
0.331503
-2.072998
1.380246
-0.390730
-0.937574
-1.936696
0.905740
-3.009029
-2.101841
-4.334277
0.938032
-3.388025
1.789574
-2.749815
2.286943
-2.231892
3.611004
-0.267927
4.134537
0.418682
5.002028
3.293050
4.006472
5.924064
1.664360
4.229712
-0.218510
3.757234
-6.892636
-2.817862
-2.532548
-2.610129
-0.006725
-0.034080
0.911418
-1.297608
-1.950570
0.604079
-0.171182
-1.137068
-2.790124
-3.409370
-0.330300
-1.379483
0.292834
-0.514124
2.144651
2.596217
2.080892
6.435574
0.160137
4.896947
-2.619395
1.449196
-4.310760
-1.033058
-3.844599
-2.980950
-5.067062
-7.128352
0.885643
-6.758248
4.279685
-4.764719
3.657459
4.963138
6.332493
7.626748
2.068204
6.644820
-4.170600
3.322383
-4.981875
-2.503600
-4.714827
-2.513991
-1.155070
-1.697617
0.038286
1.592325
-1.199608
-0.695694
-1.585064
-1.030768
-2.126893
-3.503860
-0.495659
-1.853456
3.480420
-0.040089
2.944080
3.714151
3.437235
5.594488
3.976069
4.949417
-0.783538
5.340392
-3.850658
3.359212
-5.406118
-1.853156
-6.519650
-2.169910
-4.155296
-5.506898
-5.924785
-7.179978
-4.920767
-7.753031
-2.150493
-7.023706
0.029374
-6.071456
2.508307
-6.905068
3.150986
-5.650317
3.987483
-2.592084
6.409225
-2.601247
5.409264
-2.216513
3.854563
5.195146
5.113386
5.449508
-0.656993
1.134106
-1.636083
-2.013254
-2.821884
-2.572602
3.999469
-4.178092
3.547904
-1.028140
8.034675
1.898871
8.717641
6.512166
4.423919
-2.077833
0.523130
2.797441
-0.600374
6.220748
-1.960283
-0.177892
-2.667169
0.462890
-1.521199
-2.804847
1.337573
-4.458027
1.109184
-5.767788
4.538052
-2.237209
6.190714
-0.246690
8.267409
2.726028
3.917164
7.178525
4.019592
9.580318
0.757401
5.458439
-6.949227
0.787064
-7.364551
-2.065404
-6.894284
-9.259837
-5.978088
-7.884936
-0.964881
-9.616749
-0.232075
-9.619379
3.187498
-3.090196
2.635065
-3.088040
7.740894
-1.163009
9.342899
1.339440
5.606114
3.281593
10.594591
5.703114
5.151280
7.589366
5.088932
7.850069
2.455369
7.442149
1.339128
9.072905
-2.824474
7.637630
-1.984598
5.581274
-4.009381
5.002011
-8.071817
3.666782
-6.243053
1.088918
-7.058941
-2.185873
-8.477882
-2.582426
-10.296543
-4.949886
-4.956572
-4.093574
-1.995648
-6.495093
0.080519
-4.631406
0.480169
-8.651190
1.921052
-6.092324
1.892144
-4.833345
4.764449
-0.904547
6.221013
0.847704
9.653776
4.836476
4.469158
8.539142
6.513798
9.190854
1.796515
5.465314
-3.246198
5.271197
-5.882150
2.319386
-7.767439
0.844637
-9.135208
-3.848035
-6.932307
-4.430789
-8.619718
-6.821285
-0.260345
-5.905851
-3.024439
-2.065712
-0.196602
-1.914980
0.080570
-1.188183
-2.954154
-5.351229
-2.034726
-6.037303
1.450461
-9.877664
4.077554
-6.625613
8.167759
-0.793354
8.999553
-2.309774
8.542446
4.630462
6.606905
2.560332
3.055107
-1.307161
1.338092
1.627504
4.135050
1.600697
3.858637
2.538223
3.527021
4.262395
6.012627
7.138646
2.157030
5.352013
-0.891999
7.674602
-1.672457
5.411378
-4.804713
8.380269
-7.972104
3.024635
-10.525512
-2.730555
-6.632912
-5.701742
-6.133282
-7.569328
0.418640
-4.149142
2.085365
-0.420675
3.982902
3.502605
0.747843
5.904416
-0.577391
0.578074
-2.989904
-0.721010
-8.746339
-4.777089
-5.825063
-9.851762
-1.252608
-7.202713
2.170502
-6.041187
6.384626
-1.538215
2.960521
4.571129
4.825589
2.920569
-0.835439
-1.282827
-2.602926
-0.512397
-4.549353
-2.862524
-3.564125
-4.991927
-1.985789
-4.447015
-1.833407
-0.012106
-1.725574
-4.957793
-1.945612
-6.482039
0.770696
-9.518482
-1.197228
-7.169950
0.654127
-8.020738
2.988890
-5.972546
5.505481
-5.169541
7.051852
-2.923675
4.656602
-3.331877
7.412767
0.628368
10.819414
1.515023
8.384656
5.284982
5.604385
3.564579
4.703626
5.358848
4.794867
2.834705
-0.662722
4.306448
2.421322
0.338258
3.001723
1.050114
3.573982
3.232539
3.459285
4.555993
-2.646742
3.717020
-4.966872
-0.392955
-3.376257
-2.854002
-1.227052
-5.991669
3.195282
-2.620368
7.704186
3.370022
7.893872
6.718460
8.595650
