-1.720239
-3.378881
1.213639
-1.387398
0.467410
1.841599
-2.850799
2.319604
-4.740612
-0.649509
-2.897248
-3.774660
0.681456
-3.584407
1.991341
-0.416943
-0.379380
1.920408
-3.544208
0.461578
3.464102
3.464101
-0.521114
5.522376
-4.793717
3.031685
-5.198792
-2.100346
-1.359631
-5.328382
3.042565
-4.137851
4.177365
-0.420607
1.866034
1.797850
-0.655222
0.597338
-0.411896
-2.182518
2.347664
-3.314614
4.893844
-1.645615
5.195660
1.117847
3.816927
2.749568
2.662158
2.968175
2.426878
3.249041
1.874758
4.526067
-0.341346
5.729255
-3.649711
4.924266
-5.807558
1.656608
-5.161504
-2.280237
-2.328538
-4.538772
0.548103
-4.431669
2.009927
-3.243754
2.449223
-2.497770
3.099062
-2.308556
4.265784
-1.652318
4.955110
-0.014232
4.244145
1.693932
2.654473
2.075245
1.825605
0.925877
2.810454
-0.332319
4.898979
0.000000
6.251003
2.228658
5.620191
5.011583
3.377967
6.656695
0.961819
6.537095
-0.450100
5.314062
-0.680025
4.076684
-0.276196
3.481885
0.121765
3.589055
0.090244
4.124796
-0.555933
4.650447
-1.654303
4.641821
-2.581590
3.823485
-2.608123
2.633311
-1.711935
2.126084
-0.993079
2.994921
-1.874758
4.526067
-4.538828
4.800712
-7.197392
2.388201
-7.312309
-1.939983
-3.937153
-5.352795
1.039868
-5.195613
4.169712
-1.401294
3.270584
3.227866
-0.723684
5.251334
-4.562190
3.368159
-5.351018
-0.679273
-2.733164
-3.698071
1.128543
-3.575239
3.427899
-0.651637
2.733344
2.856859
-0.267998
4.573567
-3.464102
3.464102
-4.717549
0.338916
-3.145118
-2.695534
0.300473
-3.499021
3.300003
-1.293993
3.624949
2.640417
0.770535
5.669363
-3.519314
5.661420
-6.490708
2.628160
-6.510058
-1.329777
-4.228363
-3.832770
-1.702215
-4.150527
-0.366826
-3.438112
0.100426
-3.172565
0.969946
-3.527283
2.748963
-3.393933
4.526066
-1.874758
5.035231
0.557875
4.105758
2.561578
2.775849
3.418404
1.993651
3.707437
1.527004
4.382803
0.408968
5.444839
-1.673661
5.876438
-3.823480
4.919515
-4.935091
3.056452
-4.976583
1.406197
-4.843069
0.290692
-4.890522
-1.087279
-4.114124
-3.233597
-1.362200
-4.954210
2.605700
-4.074769
4.898979
0.000000
3.049489
4.731664
-2.056365
6.184239
-6.279995
2.816306
-5.867262
-2.572649
-1.174146
-5.156106
3.475275
-2.645437
3.901983
2.509473
0.030579
5.615584
-4.359013
4.345973
-5.684008
0.661377
-3.990982
-1.786542
-2.189775
-1.681430
-2.269756
-0.999300
-2.996724
-2.041592
-1.731027
-4.222452
1.874758
-4.526067
4.816319
-1.207770
3.824159
3.610314
-0.787604
5.709637
-5.006505
3.199363
-5.150796
-1.313776
-1.720239
-3.378881
1.213639
-1.387398
0.467410
1.841599
-2.850799
2.319604
-4.740612
-0.649509
-2.897248
-3.774660
0.681456
-3.584407
1.991341
-0.416943
-0.379380
1.920408
-3.544208
0.461578
-3.154663
2.617707
-3.573298
1.983726
-4.345051
0.909787
-4.638749
-1.228873
-3.134641
-3.760766
0.289820
-4.704713
3.621712
-2.588248
4.081995
1.561597
0.887361
4.476371
3.464102
-3.464102
5.133776
0.838590
2.500116
4.758761
-2.232055
4.909521
-5.099936
1.288898
-4.043235
-2.948381
-0.450097
-4.649787
2.730405
-3.346832
3.931417
-0.853635
3.747808
1.233506
3.163242
2.965055
1.875598
4.900978
-1.008283
6.286624
-4.890536
5.309212
-7.233572
1.462804
-5.910184
-2.948336
-1.874758
-4.526067
1.232687
-2.277031
0.652021
1.049883
-2.509530
1.672559
-4.369950
-1.166370
-2.511685
-4.314655
1.269463
-4.188141
2.907021
-0.856439
0.678659
1.907032
-2.683298
0.838595
-2.914570
-2.985438
0.945781
-5.099207
5.221965
-2.501856
5.404394
2.904226
1.002199
6.163809
-3.882643
4.461054
-4.898980
0.000000
-1.943959
-2.517999
1.043261
-0.952631
0.583405
2.243073
-2.637662
3.072934
-4.865369
0.521154
-3.695694
-2.521287
-0.715974
-2.761187
0.506545
-0.276245
-1.403727
1.723220
-4.134279
0.705517
-4.473898
-2.283883
-2.052916
-3.928573
0.287662
-2.534497
-0.157639
0.027867
-2.819427
0.527759
-4.526067
-1.874759
-3.169994
-4.653458
-0.148950
-4.807582
1.187766
-2.309456
-0.679789
-0.217203
-3.655730
-1.342122
-4.172528
-5.151443
-0.889813
-8.215413
3.965168
-7.593047
6.814142
-3.540134
5.970079
1.048182
2.666034
3.466020
-0.674095
3.226505
-2.666078
1.607285
-3.478695
-0.143118
-3.723588
-1.766964
-3.464102
-3.464102
-2.408867
-5.039299
-0.642406
-5.918167
1.253493
-5.797210
2.751908
-4.894476
3.702718
-3.524373
3.989089
-1.782268
3.208944
0.079416
1.143933
1.181081
-1.426796
0.453553
-2.827784
-2.158220
-1.854787
-5.147102
0.933509
-6.536016
3.602011
-5.683146
4.701888
-3.795472
4.570280
-2.462434
4.526067
-1.874758
4.911821
-0.907356
4.476544
0.950063
2.111881
2.252021
-1.032518
0.864804
-1.907889
-3.238384
1.387935
-6.962914
7.027460
-6.604744
10.527317
-1.666298
8.900789
4.152065
3.722567
6.252450
-0.284083
3.582712
0.102844
-0.404110
3.499245
-1.370245
5.603900
1.475819
3.843811
4.794566
0.000000
4.898980
-1.918792
1.749150
-0.125492
-1.130219
3.037317
-0.596451
3.717036
2.670186
0.751708
4.920631
-3.085224
3.353340
-4.003449
-0.970364
-1.040483
-4.295980
3.164985
-3.974697
5.195973
-0.846705
4.097199
2.003966
1.811416
2.429787
0.836146
0.959010
1.860323
-0.294996
3.618138
0.099840
4.526067
1.874758
4.047980
3.855358
2.630532
5.189973
0.886114
5.693588
-0.804563
5.453519
-2.135758
4.607151
-2.865493
3.502917
-3.154663
2.617707
-3.573298
1.983726
-4.345051
0.909787
-4.638749
-1.228873
-3.134641
-3.760766
0.289820
-4.704713
3.621712
-2.588248
4.081995
1.561597
0.887361
4.476371
0.062612
-7.912675
4.662443
-7.087350
7.246823
-3.175101
6.207645
1.233308
2.513772
3.292387
-1.113758
1.999239
-2.339252
-1.230440
-0.874888
-3.912547
1.670518
-4.529357
-3.464102
3.464102
-4.002285
2.132217
-4.110961
1.331445
-4.557182
0.547705
-4.873861
-1.087774
-3.784617
-3.295841
-0.875110
-4.402308
2.343638
-2.887883
3.410423
0.747706
1.249349
3.914200
-2.473529
4.100879
-4.616590
1.329496
-3.493873
-1.668917
-0.605111
-2.013611
0.758626
0.417105
-1.140844
2.726047
-4.526067
1.874758
-5.684644
-2.062694
-2.717105
-5.639684
2.280950
-5.265489
4.958611
-0.838628
2.834718
3.888450
-2.223248
4.729897
-5.668942
0.994839
-4.501615
-3.913825
0.076320
-5.771121
4.075218
-3.392668
4.624161
0.660764
2.405343
2.989984
0.354146
2.713691
0.267404
1.869329
0.991038
2.697812
0.000000
4.898979
-3.478287
5.832025
-7.231102
3.409286
-8.081589
-1.432580
-5.078291
-5.329846
-0.563169
-5.593094
1.967171
-2.697272
1.059040
0.271290
-1.544240
0.564793
-2.750530
-1.794541
-1.014370
-4.302377
2.460738
-4.432561
5.071856
-1.791389
5.138552
1.883586
3.006546
4.486207
0.249257
5.176589
-1.874758
4.526067
-3.169652
3.476373
-4.052789
2.410841
-4.737466
1.156815
-4.989032
-0.407973
-4.539544
-1.996544
-3.511240
-3.168146
-2.319358
-3.792052
-1.206699
-4.123205
0.011952
-4.390721
1.662660
-4.367851
3.642453
-3.438095
5.155016
-1.192795
5.113427
1.933800
3.002778
4.603732
-0.455001
5.306194
-3.464102
3.464102
-4.223908
0.086134
-2.237856
-2.682137
1.163095
-2.970295
3.651824
-0.563473
3.586515
2.900518
1.210343
5.199042
-1.686439
5.258827
-3.383518
3.848618
-3.662490
2.609559
-3.718467
2.368839
-4.683461
2.402183
-6.296904
1.372151
-7.126260
-1.061280
-6.119840
-3.697842
-3.820855
-4.956854
-1.874758
-4.526067
-1.290270
-3.678336
-1.340910
-3.816863
-0.407526
-4.776914
2.026000
-4.816392
4.392221
-2.503356
4.333414
1.399814
1.149460
4.163044
-3.092340
3.472485
-5.107372
-0.258937
-3.294707
-3.990650
0.751856
-4.623921
3.601146
-1.690181
2.960929
2.328224
-0.472279
4.268941
-3.877756
2.976504
-4.898979
0.000000
-3.506570
-2.090654
-1.618666
-1.994296
-1.155454
-0.512346
-2.464700
0.520579
-4.364338
-0.080157
-5.385625
-2.085704
-4.887081
-4.372756
-3.213049
-5.904826
-1.154629
-6.261774
0.563007
-5.569012
1.454559
-4.266831
1.344219
-3.005666
0.539588
-2.486063
-0.123670
-3.024990
0.265547
-4.109004
1.874758
-4.526066
3.678208
-3.277629
4.029874
-0.632002
2.030054
1.712088
-1.428717
1.765420
-3.997229
-1.076594
-3.548980
-5.242509
0.062612
-7.912675
4.662443
-7.087350
7.246823
-3.175101
6.207645
1.233308
2.513772
3.292387
-1.113758
1.999239
-2.339252
-1.230440
-0.874888
-3.912547
1.670518
-4.529357
1.945583
-3.301635
0.932124
-1.782555
-0.556345
-2.311887
-0.292710
-4.214397
2.208822
-5.048346
4.899575
-3.065610
5.018723
0.792832
1.840570
3.480841
-2.376952
2.579739
4.242643
1.414216
2.160734
5.416290
-2.356466
6.337534
-6.048856
3.524129
-6.527197
-0.995574
-3.842508
-4.346700
0.024577
-4.903120
2.886110
-3.011322
3.706202
-0.211159
2.794360
2.021539
1.145255
3.032995
-0.348355
3.009168
-1.350601
2.530806
-2.082270
2.012486
-2.899823
1.339568
-3.700741
0.012361
-3.695516
-2.164789
-1.994048
-4.406414
1.297555
-5.133425
4.560299
-3.232006
5.590874
0.618271
3.472974
4.002295
-0.321703
4.555261
-2.893166
2.034174
-2.302204
-1.322304
0.769576
-2.648236
3.671291
-0.860258
4.104869
2.606732
1.887740
5.288431
-1.366388
5.781452
-3.982692
4.431230
-5.433892
2.314246
-6.000003
-0.000004
-5.744973
-2.510501
-4.294820
-4.941239
-1.641544
-6.397252
1.264571
-6.163756
3.161061
-4.661770
3.748810
-3.195293
4.011398
-2.569640
5.016886
-2.172735
6.519559
-0.726230
7.079380
2.058259
5.690080
4.885962
3.034906
6.168190
0.802114
5.747321
-0.216436
4.961889
-0.942272
4.871783
-2.613132
4.777907
-4.760640
3.023797
-5.175065
-0.617075
-2.323515
-3.823100
2.350670
-3.619792
5.132171
0.394266
3.495662
5.057521
-1.173872
6.375134
-4.686105
3.413342
-4.110857
-0.728299
-0.656131
-2.049748
1.696163
0.293035
0.394672
3.252220
-3.068338
3.214158
-4.841538
-0.187153
-2.789501
-3.782278
1.414218
-4.242636
4.235571
-1.370244
3.906859
2.121930
1.755287
3.745467
0.099057
3.586195
-0.512963
3.384394
-1.435957
3.820953
-3.498219
3.520468
-5.237904
1.061593
-4.269295
-2.517847
-0.392290
-4.064039
3.327869
-1.584505
3.252903
3.100293
-0.940323
5.605926
-5.451460
3.255869
-5.857890
-1.996351
-1.530729
-5.226255
3.588147
-3.291838
4.738437
2.083250
0.878316
5.984087
-4.469887
4.981854
-6.703040
0.148443
-4.307559
-4.335564
0.273644
-5.214556
3.445496
-2.724525
3.734748
0.451256
2.389423
2.171527
1.315028
2.518394
0.980378
2.838585
0.424376
3.744059
-1.110239
4.430708
-3.036010
3.825916
-4.000001
1.999998
-3.344432
0.220902
-1.772086
-0.273004
-0.622994
0.636803
-0.687792
2.038651
-1.753808
2.928261
-3.083613
2.935982
-4.102191
2.303995
-4.653952
1.451773
-4.866571
0.670181
-4.971209
0.049891
-5.172135
-0.537049
-5.449545
-1.391654
-5.410032
-2.697463
-4.531065
-4.115693
-2.798403
-4.804191
-1.082393
-4.143856
-0.584012
-2.581047
-1.637044
-1.548357
-3.101916
-2.216861
-3.248126
-4.206651
-1.470920
-5.731028
0.932441
-5.294457
1.945583
-3.301635
0.932124
-1.782555
-0.556345
-2.311887
-0.292710
-4.214397
2.208822
-5.048346
4.899575
-3.065610
5.018723
0.792832
1.840570
3.480841
-2.376952
2.579739
2.231158
1.924183
2.265538
1.142430
3.060877
1.028986
3.815979
1.947668
3.737431
3.542971
2.570902
5.012205
0.715289
5.674905
-1.141248
5.389375
-2.535904
4.508094
3.464102
-3.464102
4.171168
-2.391261
4.753225
-1.122325
4.986118
0.472250
4.557627
2.186857
3.447256
3.566180
2.018847
4.303187
0.684747
4.508806
-0.503565
4.507409
-1.828550
4.337718
-3.369352
3.555535
-4.516751
1.719133
-4.226637
-0.807507
-2.027470
-2.627637
1.097873
-2.191545
2.993548
0.762459
1.874758
4.526067
-2.043381
6.387049
-6.359128
4.697631
-8.164521
0.340922
-6.335833
-3.797078
-2.476078
-5.074602
0.397309
-3.211886
0.367727
-0.437472
-1.821752
0.502221
-3.529993
-1.249215
-2.632349
-3.940883
0.540241
-4.814610
3.448224
-2.606674
3.560708
1.257052
0.595722
3.830959
-3.185085
3.169793
-4.898980
0.000000
-3.517079
-2.927689
-0.727135
-3.261045
0.599972
-1.135868
-0.969759
0.929336
-4.038691
0.304641
-5.512731
-3.277410
-3.355110
-7.278267
1.462564
-8.447626
5.630604
-5.679904
6.308515
-1.065991
3.593861
1.894346
0.378661
1.370963
-0.331419
-1.241237
1.832856
-2.761633
4.386531
-1.317569
4.526067
1.874758
1.954693
3.791641
-0.807034
2.704381
-0.981692
0.010728
1.564559
-1.095897
4.028231
1.144542
3.359406
5.160230
-0.708109
7.435410
-5.324240
5.844225
-7.222975
1.610830
-5.726059
-2.027416
-3.051743
-3.011288
-1.749123
-2.206476
-2.049799
-1.993270
-1.936469
-3.346250
0.230312
-4.631145
3.464102
-3.464102
4.842995
0.367292
2.540627
4.151118
-1.982700
4.659286
-5.042028
1.349568
-4.110095
-2.928328
-0.171360
-4.504270
3.262805
-2.202585
3.414227
1.814138
0.528226
4.302714
-2.860059
3.857554
-4.580901
1.652128
-4.552495
-0.338374
-4.061693
-1.401416
-3.851402
-2.253789
-3.364103
-3.504797
-1.874758
-4.526067
0.085975
-4.178042
0.954733
-2.486871
-0.073576
-1.102649
-1.773740
-1.707157
-1.846365
-3.989144
0.643334
-5.550528
3.917420
-4.170751
4.882935
-0.252167
2.108561
3.152161
-2.551232
2.986119
-5.401242
-0.960481
-4.125619
-5.762945
0.258058
-7.915844
4.485186
-6.281258
5.994880
-2.713538
4.898980
-0.000000
3.285678
0.703809
2.842142
0.513613
3.256259
1.186356
2.834260
3.074958
0.486012
4.711271
-2.991861
4.278224
-5.521653
1.403807
-5.530558
-2.429694
-3.207363
-5.109882
-0.208292
-5.519432
1.725828
-4.172507
1.962753
-2.541232
1.130680
-1.863076
0.391547
-2.415329
0.593311
-3.604099
1.874758
-4.526067
3.763060
-4.498444
5.498905
-3.324841
6.381325
-1.329609
6.069521
0.778492
4.776839
2.214372
3.217033
2.532459
2.231158
1.924183
2.265538
1.142430
3.060877
1.028986
3.815979
1.947668
3.737431
3.542971
2.570902
5.012205
0.715289
5.674905
-1.141248
5.389375
-2.535904
4.508094
-9.763977
0.951617
-9.349724
-5.074641
-4.319868
-8.595810
1.223812
-6.976382
3.054542
-2.220878
0.682430
1.371032
-2.860194
1.443563
-4.564709
-0.782999
-4.185737
-2.723726
3.464102
3.464102
3.365788
4.140148
2.908676
5.693624
0.841150
7.147883
-2.192473
6.661185
-3.915743
4.014166
-2.954962
1.330679
-0.599991
0.943327
0.439422
2.806962
-1.033340
4.511176
-3.431878
3.949249
-4.233222
1.609917
-2.802393
-0.089465
-0.988076
0.421514
-0.930871
2.196628
-2.717370
3.009148
-4.526067
1.874758
-4.861411
-0.116713
-4.074164
-1.434966
-3.435571
-1.985662
-3.153200
-2.851827
-2.021802
-4.327636
0.715873
-4.935651
3.660956
-2.988474
4.146717
0.976619
1.121015
3.954911
-3.188474
3.182035
-4.997754
-0.911768
-2.561112
-4.774745
2.065060
-4.974471
4.943140
-1.353855
3.859257
3.032061
-0.000000
4.898980
-3.645257
3.444176
-5.071688
0.302405
-4.350523
-2.545334
-2.512995
-4.289748
-0.193840
-4.921249
2.270510
-4.211694
3.927023
-1.866147
3.346993
1.294959
0.215995
3.052049
-3.500285
1.481841
-4.698266
-2.867490
-1.917866
-6.894036
3.064133
-7.505410
6.699136
-4.413248
6.855973
-0.287792
4.526066
1.874758
2.442288
1.412106
2.290397
0.063999
3.476329
-0.239020
4.401958
0.778434
4.381001
2.094397
3.943926
3.036798
3.544736
3.961709
2.672425
5.237612
0.665329
6.139887
-1.876205
5.404990
-3.166550
2.965519
-2.103788
0.619277
0.174499
0.430501
1.122675
2.419838
-0.585610
4.236404
-3.464102
3.464101
-4.556225
0.211608
-2.419273
-2.840284
1.400845
-3.050012
3.930395
-0.323276
3.608634
3.053655
1.407518
4.843781
-0.680124
4.790452
-1.785615
4.146576
-2.533889
3.774077
-3.581612
3.252086
-4.437320
1.909068
-4.110306
0.206452
-2.680783
-0.482270
-1.643503
0.461627
-2.384245
1.880185
-4.526066
1.874758
-6.171514
-0.175485
-5.860689
-2.943717
-4.016873
-4.622739
-2.250306
-4.811283
-1.426792
-4.648353
-0.824590
-5.161163
0.692567
-5.918449
3.037797
-5.625020
4.875317
-3.847021
5.225841
-1.651493
4.646680
-0.325757
4.443853
0.199991
4.880910
1.162788
4.718238
3.155490
2.834849
4.995137
0.000000
4.898980
-1.560825
2.746700
-0.592196
0.641572
1.554873
0.801406
2.200392
3.034580
0.298216
4.804345
-2.294374
4.028929
-2.855436
1.504406
-0.937804
0.080798
1.025450
1.400077
0.474395
3.924343
-2.267238
4.631488
-4.265407
2.530038
-3.347421
-0.082506
-0.718765
-0.202266
0.303572
2.340651
-1.874758
4.526067
-5.127465
3.550742
-5.900058
0.177792
-3.338186
-1.914176
-0.531330
-0.258574
-1.253175
3.370450
-5.664447
4.563008
-9.763977
0.951617
-9.349724
-5.074641
-4.319868
-8.595810
1.223812
-6.976382
3.054542
-2.220878
0.682430
1.371032
-2.860194
1.443563
-4.564709
-0.782999
-4.185737
-2.723726
4.447715
-0.667318
2.860709
1.772547
-0.411153
2.283682
-3.353563
-0.140722
-3.531395
-4.491896
-0.076610
-7.887988
5.086013
-7.599652
8.360372
-3.512560
7.437828
1.397500
-3.464102
-3.464102
-0.122499
-1.617745
-0.234139
1.631168
-3.102589
2.649230
-5.289415
0.253794
-4.102763
-3.166508
-0.282211
-4.114103
2.819065
-1.481339
2.610106
2.485737
-0.353879
4.598996
-3.324598
3.817311
-4.354649
1.783129
-3.969999
0.534705
-3.869938
0.211122
-4.456038
-0.641228
-4.242805
-2.714788
-1.874759
-4.526067
1.698499
-3.818801
3.650630
-0.295300
2.105577
3.533677
-1.709173
4.602645
-4.491096
2.362372
-4.123175
-0.664628
-1.716265
-1.507049
-0.265536
0.244710
-1.420649
2.232882
-3.863855
2.039691
-4.943602
-0.217389
-3.635880
-2.176652
-1.567798
-1.930512
-1.113721
-0.073440
-2.806422
1.069494
-4.898980
0.000000
-5.365390
-2.504833
-3.947628
-4.494919
-2.030055
-5.007767
-0.761927
-4.764120
0.196477
-4.788657
1.855956
-4.829103
4.142444
-3.588201
5.475793
-0.509102
4.339307
3.082212
1.073940
4.977060
-2.226918
4.222715
-3.708755
2.021247
-3.464143
0.371442
-3.098217
-0.031937
-3.700214
-0.319689
-4.526067
-1.874759
-3.844539
-4.485292
-0.966211
-6.293283
2.784382
-5.573953
5.153617
-2.414837
4.874855
1.394407
2.471076
3.941023
-0.584770
4.491221
-3.126165
3.409027
-4.634306
1.300974
-4.758697
-1.326274
-3.158234
-3.644013
-0.170349
-4.338482
2.616801
-2.516250
3.103159
1.030242
0.510038
3.811649
-3.464102
3.464102
-5.664474
-0.044928
-4.097990
-4.029678
0.191602
-5.169670
3.832260
-2.321404
3.882533
2.477195
0.201861
5.701602
-4.591960
5.176676
-7.365211
1.596097
-6.844588
-2.372408
-4.217541
-4.347067
-1.788980
-3.870648
-1.090184
-2.302575
-1.960715
-1.414339
-3.054637
-1.995779
-3.098951
-3.460549
-1.874758
-4.526067
-0.285270
-4.323449
0.445320
-3.113708
-0.166183
-2.096473
-1.349423
-2.414185
-1.600402
-4.082150
0.061501
-5.756586
3.095722
-5.680192
5.631431
-3.135680
5.819444
0.819759
3.258196
4.031561
-0.711518
4.793872
-4.038452
2.959188
-5.349041
-0.221827
-4.552752
-3.159010
-2.441637
-4.823948
0.000000
-4.898980
1.886900
-3.514585
2.422199
-1.190994
1.133385
1.017633
-1.580023
1.764154
-4.274509
0.283034
-5.261899
-2.792651
-3.931824
-5.674125
-1.331667
-6.791821
0.737035
-6.100884
1.354817
-4.989351
1.243490
-4.804217
1.857738
-5.462128
3.732178
-5.570217
5.787961
-3.929968
6.300121
-0.877146
4.526067
1.874758
1.403619
2.664766
-1.228137
1.172827
-1.996819
-1.504641
-0.748539
-3.768113
1.633400
-4.449723
3.800661
-3.221611
4.447715
-0.667318
2.860709
1.772547
-0.411153
2.283682
-3.353563
-0.140722
-3.531395
-4.491896
-0.076610
-7.887988
5.086013
-7.599652
8.360372
-3.512560
7.437828
1.397500
2.480669
-3.389798
2.621900
-3.116257
3.795715
-2.828568
5.153053
-1.153605
5.032553
1.523801
3.116116
3.427671
0.894185
3.502154
-0.111892
2.643917
-0.186292
2.517813
-1.022078
3.359234
3.464102
-3.464102
6.065650
-1.141098
6.317835
3.039929
3.343048
6.372181
-0.948387
6.567409
-3.628653
4.015438
-3.590207
1.263415
-2.378334
0.285307
-2.167980
0.551589
-3.201151
-0.016908
-3.555145
-2.368186
-1.455606
-4.973574
2.503600
-5.335014
5.728614
-2.652755
6.159575
1.297156
4.175784
3.978205
1.874758
4.526067
0.700086
4.160712
0.143731
4.329310
-1.134059
4.879520
-3.261305
4.392334
-4.703218
2.198952
-4.002403
-0.393782
-1.696567
-1.251474
-0.095004
0.236259
-0.960570
2.247460
-3.534136
2.226122
-5.090449
-0.473428
-3.582628
-3.740664
0.255583
-4.594380
3.439368
-1.972110
3.359303
2.253579
0.000000
4.898980
-4.191619
4.101799
-6.426744
0.599923
-5.646987
-3.209340
-2.897349
-5.279992
-0.071975
-5.205360
1.618733
-3.981991
2.245926
-2.830335
2.644460
-2.192710
3.442734
-1.584144
4.428231
-0.218867
4.655385
2.135362
3.205535
4.699186
0.090678
6.012558
-3.399809
4.951252
-5.344920
1.745722
-4.526067
-1.874758
-1.451248
-3.727415
1.850207
-2.718001
3.214865
0.350280
1.833274
3.377899
-1.327769
4.457767
-4.367579
3.033377
-5.711181
-0.039222
-4.822552
-3.250837
-2.165435
-5.227174
1.138451
-5.144285
3.631294
-2.965295
3.998853
0.338234
1.867565
2.930940
-1.574511
3.048132
-3.989405
0.354688
-3.464102
-3.464102
-0.093245
-5.742439
3.955016
-4.877773
6.159654
-1.585209
5.655704
1.859254
3.651341
3.679731
1.934583
3.946601
1.088090
3.954141
0.261050
4.464833
-1.406071
4.819761
-3.433197
3.874699
-4.335331
1.628455
-3.311721
-0.400185
-1.377361
-0.602946
-0.572531
0.969129
-1.970105
2.454057
-4.526067
1.874758
-5.955181
-0.996207
-4.743080
-4.411172
-1.357051
-6.157998
2.314194
-5.260026
4.488791
-2.400365
4.510227
0.932351
2.765724
3.471018
0.092270
4.550988
-2.591278
4.016629
-4.413068
2.187074
-4.838408
-0.116412
-4.067170
-1.915113
-2.946655
-2.788378
-2.167523
-3.217758
-1.487787
-3.950387
-0.000000
-4.898980
2.614392
-4.887347
5.207811
-2.809938
5.891115
0.892132
3.863577
4.177312
0.415038
5.125438
-2.166728
3.746842
-2.783337
1.872828
-2.450884
1.125969
-2.869883
1.174788
-4.199664
0.301907
-4.643350
-2.252150
-2.522569
-4.858296
1.373388
-4.850729
3.946672
-1.450452
2.639260
2.908060
-1.874758
4.526066
-6.054937
1.869890
-6.690931
-3.000900
-3.721026
-6.463434
0.117157
-6.681941
2.227887
-4.864481
2.480669
-3.389798
2.621900
-3.116257
3.795715
-2.828568
5.153053
-1.153605
5.032553
1.523801
3.116116
3.427671
0.894185
3.502154
-0.111892
2.643917
-0.186292
2.517813
-1.022078
3.359234
-0.459594
-3.052365
0.329290
-1.147048
-1.153225
0.186964
-3.349929
-0.930481
-3.643490
-4.168625
-0.791513
-6.987403
3.723550
-6.793811
6.825207
-3.309516
6.490283
1.097939
-3.464102
-3.464102
-0.481140
-2.743767
0.194832
-0.499915
-1.405253
0.710747
-3.298306
-0.406914
-3.454828
-3.021942
-1.382222
-5.173840
1.820389
-5.386358
4.513636
-3.471446
5.486643
-0.279587
4.294343
2.869102
1.324287
4.569694
-2.093327
3.796434
-3.958086
0.703390
-2.769419
-2.866224
0.973997
-4.207703
4.526067
-1.874757
4.796845
2.656517
1.138435
5.738176
-3.658278
4.589466
-5.544030
-0.013588
-2.859961
-4.159489
2.013905
-4.254498
4.777475
-0.320297
3.159935
4.099172
-1.148149
5.347034
-4.419915
2.962404
-4.579404
-0.367752
-2.829700
-1.921161
-1.726939
-1.653964
-2.062517
-1.660335
-2.105666
-3.211337
-0.000000
-4.898979
3.521040
-4.123876
5.373537
-0.323047
3.304335
3.770292
-1.387013
4.506852
-4.685291
1.015796
-3.612796
-3.681393
0.885650
-5.412599
4.849801
-2.723172
5.015356
1.963192
1.581351
4.838013
-2.489116
4.121097
-4.477899
1.061559
-3.973618
-1.954294
-2.246778
-3.706110
-0.305079
-4.453728
1.874758
-4.526067
4.313513
-3.403004
5.954048
-0.563907
5.293759
3.107370
2.172693
5.454275
-1.529982
4.968403
-3.452366
2.412255
-3.043216
0.128251
-2.003191
-0.412072
-2.236520
-0.133670
-3.530904
-1.154926
-3.640089
-4.097595
-0.836877
-6.942898
3.821942
-6.883568
7.119074
-3.316883
6.714226
1.249201
3.464102
3.464102
0.579982
2.294405
0.487915
-0.157787
2.623188
-0.936324
4.317554
0.834155
3.670508
3.339189
1.359452
4.199476
-0.323898
2.931266
0.052798
1.235202
1.733908
1.077307
2.766895
2.760514
1.989228
4.891330
-0.104575
5.941652
-2.221766
5.556242
-3.586881
4.399018
-4.270875
3.127537
-4.526067
1.874758
-4.275010
0.672006
-3.456224
-0.060404
-2.617696
0.159023
-2.717284
1.056983
-4.108470
1.459747
-5.874277
0.289649
-6.475200
-2.255544
-5.207348
-4.714808
-2.923683
-5.718665
-1.156884
-5.302851
-0.526358
-4.738417
-0.164195
-5.020777
1.168453
-5.670660
3.473657
-5.224886
5.234328
-2.963388
4.898979
-0.000000
2.638471
1.562548
0.465129
0.689924
0.418125
-1.397263
2.530326
-2.225874
4.626135
-0.416743
4.274020
2.863632
1.118467
4.804382
-2.604086
3.452097
-3.899076
-0.456323
-1.574434
-3.999181
2.738369
-4.462535
5.954220
-1.505589
6.023051
2.737219
3.361902
5.566137
0.117245
5.847410
-1.874758
4.526067
-2.487003
3.277362
-2.877292
2.766409
-3.874234
2.226334
-4.926012
0.656183
-4.719425
-1.724782
-2.807096
-3.398773
-0.459594
-3.052365
0.329290
-1.147048
-1.153225
0.186964
-3.349929
-0.930481
-3.643490
-4.168625
-0.791513
-6.987403
3.723550
-6.793811
6.825207
-3.309516
6.490283
1.097939
-3.551714
-3.410531
-2.895524
-5.033438
-0.684356
-6.237412
2.004468
-5.436753
3.062758
-3.024509
1.870086
-1.201092
0.131151
-1.549215
-0.016981
-3.284256
1.655743
-4.263737
-3.464101
3.464102
-3.999133
1.899687
-3.699727
0.982972
-3.854976
0.566235
-4.434389
-0.706587
-3.751867
-3.121137
-0.701241
-4.737910
3.141772
-3.256369
4.505239
1.001025
1.873265
4.682632
-2.465116
4.583270
-4.458233
1.121913
-2.514097
-1.912679
0.758239
-1.372779
1.414152
1.816577
-1.413705
3.719779
-4.526066
1.874758
-4.310037
-1.840620
-0.951621
-3.299681
1.647414
-0.903493
0.301314
2.403359
-3.642851
2.325267
-5.537268
-1.841732
-2.527956
-6.102216
3.101978
-5.903861
6.142604
-1.075962
3.913729
3.871252
-0.949665
4.465327
-3.386257
0.897638
-1.284126
-2.405672
2.466784
-1.674921
3.315120
2.221296
-0.000000
4.898980
-4.210109
3.245812
-5.082424
-1.375281
-1.741050
-4.737538
2.777452
-4.106357
4.905494
-0.601724
3.921605
2.574668
1.889450
3.609028
0.826158
3.370322
0.621448
3.575293
-0.143383
4.441051
-1.916840
4.634226
-3.400566
3.294711
-3.161279
1.445850
-1.562678
1.001802
-0.617784
2.548853
-1.874758
4.526066
-4.735100
4.770431
-7.056683
2.697320
-7.304298
-0.235097
-5.901981
-2.133965
-4.491172
-2.502106
-4.104894
-2.420365
-4.233330
-3.133775
-3.567664
-4.675094
-1.447889
-5.842908
1.423243
-5.338010
3.477502
-2.903032
3.400054
0.384643
1.058004
2.706109
-2.232488
2.582372
-4.295390
-0.054996
-3.464102
-3.464101
-0.024937
-4.994025
3.545671
-3.087167
4.289920
1.117062
1.372320
4.341778
-2.849165
3.934156
-4.750010
0.460950
-2.896923
-2.614787
0.390481
-2.272039
1.275979
0.901495
-1.562615
3.139688
-5.307733
1.393798
-5.748741
-3.254128
-1.736204
-6.406543
3.374434
-4.773085
4.985419
0.389190
1.874758
4.526066
-2.736442
4.442221
-4.776081
1.368333
-3.604360
-0.821830
-2.293611
-0.153102
-3.703151
1.281814
-6.870993
-0.045050
-7.885380
-4.677256
-4.331799
-9.044282
1.668232
-9.032971
5.297766
-4.390930
3.832074
0.864950
-0.780660
2.451008
-4.180673
-0.139632
-4.013812
-3.760087
-1.695366
-5.351251
0.000000
-4.898979
0.309612
-4.511833
0.855655
-5.217172
2.924622
-5.581401
5.299231
-3.775876
5.483503
-0.371270
2.885453
1.797603
-0.018821
0.779520
-0.211899
-2.030518
2.426118
-3.204962
4.822896
-1.078389
4.091622
2.296902
0.821965
3.383258
-1.498569
1.148245
-0.362204
-1.690033
2.909874
-1.605192
4.526066
1.874758
2.248895
5.642750
-2.358251
6.293219
-5.770497
3.491743
-6.145110
-0.150125
-4.706743
-2.185989
-3.680536
-2.697800
-3.551714
-3.410531
-2.895524
-5.033438
-0.684356
-6.237412
2.004468
-5.436753
3.062758
-3.024509
1.870086
-1.201092
0.131151
-1.549215
-0.016981
-3.284256
1.655743
-4.263737
0.211058
-2.842249
1.109397
-2.750060
2.270152
-2.458615
3.643080
-1.371105
4.381846
0.905290
3.334188
3.729909
0.234651
5.410297
-3.503979
4.413687
-5.482931
0.926514
4.242640
2.828424
0.734098
4.179918
-2.234024
2.275504
-2.299777
-1.094500
0.459659
-3.005116
3.709207
-1.873901
4.967728
1.397825
3.564561
4.535841
0.695845
5.929632
-2.090933
5.555022
-4.161224
4.203623
-5.621411
2.304794
-6.369313
-0.207664
-5.838233
-3.079206
-3.804692
-5.325326
-1.094981
-6.003821
0.956471
-5.291437
1.847952
-4.408558
2.434638
-4.266106
3.853406
-4.367691
6.010132
-3.366049
7.464721
-0.743947
6.980295
2.358967
4.963293
4.258699
3.020133
4.545697
2.066341
4.406364
1.276266
4.949044
-0.693826
5.528281
-3.536730
4.296206
-4.922391
0.648039
-2.813155
-3.263305
1.877798
-4.098394
5.464097
-0.732057
4.816236
4.154703
0.562666
6.346673
-3.343582
4.170399
-3.495717
0.151907
-0.406123
-1.597670
2.166626
0.391644
1.235017
3.536680
-2.311508
4.045996
-4.746109
0.931130
-3.446929
-3.060993
0.525777
-4.411344
3.810808
-2.331051
4.291150
0.900483
2.831532
2.768078
1.570135
3.071325
1.134551
3.378497
0.201282
4.389510
-2.197382
4.678941
-4.659163
2.524648
-4.484870
-1.358419
-0.909843
-3.725191
3.288392
-1.977984
4.092280
2.705107
0.376591
5.979206
-4.551505
4.480546
-5.942375
-0.652719
-2.278690
-4.660762
3.126039
-3.726771
5.281579
1.330198
2.261696
5.900131
-3.149943
5.996696
-6.313193
1.793156
-4.999601
-2.996211
-0.917742
-4.838857
2.530127
-3.305709
3.525336
-0.616049
2.867751
1.091291
2.281172
1.647160
2.306488
2.237591
2.049900
3.506314
0.664344
4.697964
-1.398391
4.625204
-2.760480
3.124527
-2.534139
1.324252
-1.157938
0.559522
0.119459
1.209290
0.377413
2.583817
-0.396179
3.722520
-1.620708
4.140157
-2.741540
3.922308
-3.528010
3.393324
-4.021156
2.837851
-4.417099
2.392415
-4.950321
1.961548
-5.653078
1.208548
-6.124233
-0.151361
-5.719525
-1.860766
-4.241136
-3.023297
-2.469180
-2.805959
-1.733966
-1.422610
-2.659517
-0.268320
-4.316685
-0.745918
-4.894135
-2.794019
-3.464102
-4.732050
-1.059778
-4.839530
0.239632
-3.177098
-0.536918
-1.666007
-2.090981
-2.137562
-2.067208
-4.278431
0.443021
-5.702103
3.681153
-4.272507
4.687282
-0.418439
2.138609
2.950816
-2.207543
2.976488
-4.906379
-0.550030
-3.752819
-4.948455
0.445082
-6.905866
4.700742
-5.091719
6.300566
-0.908960
4.651989
2.930145
1.225217
4.466218
-1.892688
3.510729
-3.399688
1.214201
-3.219175
-1.027471
-2.076705
-2.396770
-0.799028
-2.854201
0.211058
-2.842249
1.109397
-2.750060
2.270152
-2.458615
3.643080
-1.371105
4.381846
0.905290
3.334188
3.729909
0.234651
5.410297
-3.503979
4.413687
-5.482931
0.926514
5.748775
-0.273340
5.243474
3.383418
2.313717
5.889107
-1.394585
5.566759
-3.285541
2.845444
-2.229175
0.279176
0.144987
0.218511
0.979231
2.406617
-0.836955
4.212260
3.464102
-3.464102
4.139620
-0.858079
2.287241
0.800043
0.209099
-0.232351
0.489719
-2.607176
3.005920
-3.379411
5.000205
-1.400975
4.235074
1.277526
1.649419
1.708529
0.381931
-0.502980
2.155807
-2.607366
5.156536
-1.803632
5.974898
1.436751
3.553844
3.710053
0.631691
2.503623
0.840136
-0.734293
4.526067
-1.874758
7.981428
1.444118
7.140606
7.008975
1.881575
10.026104
-3.686277
7.906789
-5.281032
2.809945
-2.571474
-0.658403
0.852913
-0.034780
1.354994
2.917524
-1.277925
4.488390
-4.185191
2.867999
-4.699096
-0.508942
-2.741703
-3.031773
-0.097799
-3.590719
1.934756
-2.919329
3.496144
-1.826656
4.898980
-0.000000
5.270185
3.034677
3.247754
6.253344
-0.943219
7.325457
-4.779891
4.932235
-5.468377
0.627391
-2.785732
-2.200930
0.452489
-1.525203
1.065347
1.291514
-1.370552
2.866184
-4.198698
1.176876
-4.416276
-2.554075
-1.524826
-5.275593
2.343069
-5.093512
4.775488
-2.676056
5.166632
0.022670
4.526067
1.874758
3.784019
3.159976
2.836853
4.418247
1.244270
5.396945
-0.708963
5.442116
-2.162484
4.586907
-2.807782
3.670930
-3.336052
3.220038
-4.421895
2.625667
-5.513864
0.923903
-5.198974
-1.635959
-3.002441
-3.327559
-0.459621
-2.697354
0.163402
-0.467434
-1.630117
0.828661
-3.720585
-0.545254
-3.464102
-3.464102
-0.645807
-4.935201
2.047096
-3.343637
1.828749
-0.437118
-1.005458
0.328781
-3.077153
-2.481839
-1.332617
-6.477914
3.660197
-7.641297
8.059935
-4.346210
8.455599
0.980685
5.102660
4.259330
1.430273
3.665838
0.521804
1.060272
2.306149
-0.280337
4.162128
1.005719
3.909807
3.399610
1.874758
4.526067
0.107808
3.674055
0.029629
2.198729
1.162584
1.795136
1.999252
2.817663
1.635281
4.318777
0.318637
5.297582
-1.293724
5.493404
-2.881431
5.045575
-4.296046
3.910081
-5.049320
2.039011
-4.523940
0.017698
-2.869004
-0.995841
-1.359680
-0.354543
-1.418620
1.121077
-3.129421
1.617311
-4.898980
-0.000000
-4.808416
-2.999047
-2.347247
-5.355390
1.201583
-5.494523
3.974858
-3.434950
4.942568
-0.376802
4.178871
2.473457
2.169311
4.456092
-0.636759
5.118337
-3.491519
3.969120
-5.054844
1.056396
-4.112582
-2.309171
-0.901317
-3.974230
2.515648
-2.613794
3.656842
0.899150
1.690665
4.001401
-1.874758
4.526067
-4.578822
2.364523
-5.018184
-0.837665
-3.508514
-3.364492
-1.096322
-4.574200
1.561363
-4.537690
4.116398
-3.160602
5.748775
-0.273340
5.243474
3.383418
2.313717
5.889107
-1.394585
5.566759
-3.285541
2.845444
-2.229175
0.279176
0.144987
0.218511
0.979231
2.406617
-0.836955
4.212260
1.922207
-5.513751
5.308026
-2.039187
4.459682
2.886825
0.020680
5.031342
-3.993873
2.690315
-4.041837
-1.540385
-0.616500
-3.291503
2.204434
-0.878430
0.962049
2.871446
3.464102
-3.464102
6.552748
0.527363
4.710551
5.730678
-0.905435
7.171614
-5.294621
3.256338
-4.436045
-2.515624
0.797302
-4.875289
5.529483
-1.812804
5.597188
3.674696
1.344224
6.685567
-3.114739
5.083286
-4.102473
1.128201
-1.703213
-1.200972
0.873355
-0.158327
0.779340
2.474383
-1.857241
3.601600
-4.526066
1.874758
-4.985796
-1.433890
-3.057205
-4.087077
-0.116771
-4.881082
2.520024
-4.015322
4.341753
-2.088735
5.093473
0.593258
4.239670
3.583339
1.506443
5.692041
-2.144518
5.524651
-4.654565
2.921690
-4.489067
-0.379407
-2.208121
-1.980992
-0.168415
-0.988579
-0.397900
1.097078
-2.696749
1.793477
-4.898980
0.000000
-5.020201
-3.060357
-3.080851
-5.205356
-0.805780
-5.456893
0.325113
-4.760093
0.532379
-4.653177
1.223948
-5.459143
3.212551
-5.961766
5.662622
-4.828964
6.877859
-2.175587
6.038981
0.409185
4.051692
1.359714
2.675369
0.581700
2.884621
-0.575994
4.098224
-0.687233
4.919484
0.465883
4.526067
1.874758
3.346397
2.408012
2.502205
1.877035
2.692573
1.105028
3.593089
1.073821
4.232580
2.018490
3.908652
3.258425
2.815003
3.837839
1.877951
3.389749
1.958148
2.509007
3.056786
2.321701
4.176311
3.550953
4.021546
5.799431
2.065974
7.683379
-0.874585
7.833082
-3.132951
6.023394
-3.464102
3.464102
-2.074515
1.897205
-0.479763
2.186384
-0.240474
3.606595
-1.643870
4.483198
-3.480701
3.637763
-4.093035
1.379026
-2.745828
-0.783172
-0.157868
-1.364880
2.138582
0.021610
2.923441
2.559193
1.960953
4.951574
-0.124518
6.240467
-2.401752
6.150156
-4.096982
4.973892
-4.798793
3.318848
-4.526067
1.874758
-3.718461
1.157092
-3.043420
1.243041
-3.006231
1.712275
-3.625735
1.939887
-4.482484
1.541477
-5.098554
0.565232
-5.248582
-0.717699
-4.898455
-2.115954
-3.946198
-3.515638
-2.209408
-4.603036
0.215582
-4.769949
2.648569
-3.506588
4.071963
-0.971148
3.842774
1.910925
2.194880
4.040835
0.000000
4.898980
-1.965482
4.719550
-3.473869
3.985938
-4.608914
2.897897
-5.265704
1.431081
-5.113286
-0.179270
-4.116925
-1.278744
-2.923066
-1.325168
-2.471802
-0.560245
-3.120909
0.037064
-4.243917
-0.392691
-4.810081
-1.806062
-4.332169
-3.404959
-3.128921
-4.501007
-1.688816
-5.033575
-0.054884
-5.149409
1.874758
-4.526067
3.506165
-2.577539
3.498492
0.429242
1.079532
2.756375
-2.516240
2.332269
-4.418773
-1.050730
-2.576233
-4.822966
1.922207
-5.513751
5.308026
-2.039187
4.459682
2.886825
0.020680
5.031342
-3.993873
2.690315
-4.041837
-1.540385
-0.616500
-3.291503
2.204434
-0.878430
0.962049
2.871446
0.237949
4.555535
-1.194818
3.423624
-1.216716
2.822388
-1.683051
3.493251
-3.890304
3.792644
-6.609681
1.679775
-7.106514
-2.598847
-4.106119
-6.244473
0.553838
-6.509974
-3.464102
3.464102
-2.847075
0.002675
-0.158709
-0.912679
1.457978
1.022581
0.196962
3.407234
-2.903718
3.583796
-5.207154
1.021935
-4.938136
-2.538768
-2.421149
-4.910916
0.732930
-5.182075
3.199983
-3.831807
4.584525
-1.676308
4.865358
0.856088
3.788839
3.403158
1.184029
5.064655
-2.191518
4.658258
-4.526067
1.874759
-4.124882
-1.882139
-0.981757
-4.122563
2.804726
-3.128168
4.417610
0.503681
2.520438
4.080997
-1.552208
4.802064
-4.691271
1.978508
-4.390353
-2.310268
-0.762174
-4.740840
3.437776
-3.333822
4.898020
0.910516
2.383117
4.692047
-2.189165
4.982666
-5.192445
1.493109
-4.199868
-3.008957
0.000000
-4.898979
4.011020
-2.662889
4.619773
1.858312
1.427080
5.025943
-2.914257
4.426316
-4.995915
0.759624
-3.424735
-2.940763
0.282185
-3.902070
3.212004
-1.684460
3.400976
1.870210
0.993272
4.364567
-2.381882
4.501408
-4.976594
2.465099
-5.754362
-0.696682
-4.450684
-3.701778
-1.495662
-5.284969
1.874758
-4.526067
3.827714
-1.558801
2.977134
1.973007
-0.303867
3.666951
-3.711987
2.200411
-4.661046
-1.311815
-2.553464
-4.014333
0.520312
-3.787317
1.607460
-1.278972
-0.290779
0.593710
-3.129482
-0.597883
-3.651201
-4.356347
-0.485235
-7.547021
4.447569
-7.220585
7.588101
-3.310771
6.880028
1.321647
3.464102
3.464102
0.465668
2.284556
0.163105
-0.222105
2.165412
-1.256551
4.061472
0.302385
3.693735
3.110516
0.966961
4.695141
-2.190178
3.554879
-3.420125
0.304307
-1.707371
-2.837196
1.919046
-3.644504
5.098544
-1.408374
5.717482
2.586030
3.322872
5.914406
-0.586952
6.668275
-3.675905
4.765667
-4.526066
1.874758
-3.618614
-0.077214
-2.631475
-0.562226
-2.646421
-0.724558
-3.007226
-1.942324
-2.057517
-4.094783
0.907351
-5.395875
4.522408
-4.120679
6.386387
-0.501438
5.307192
3.260856
2.425255
5.000875
-0.013816
4.542877
-0.930487
3.524540
-1.241283
3.331177
-2.360234
3.512864
-4.162476
2.535018
-4.898979
0.000000
-3.326196
-2.367332
-0.598994
-2.399653
0.527114
-0.126879
-1.333098
1.749933
-4.279948
0.509851
-4.716500
-3.429877
-1.143011
-6.423697
3.825184
-5.105358
5.667956
-0.053229
2.445208
4.343055
-3.016916
3.993863
-5.663447
-0.839777
-3.057793
-5.715974
2.329866
-6.304167
5.675387
-2.476239
4.526067
1.874758
0.904551
2.915749
-1.138960
0.553365
0.266690
-1.931514
3.232467
-1.567602
4.496480
1.368818
2.904955
4.095217
0.237949
4.555535
-1.194818
3.423624
-1.216716
2.822388
-1.683051
3.493251
-3.890304
3.792644
-6.609681
1.679775
-7.106514
-2.598847
-4.106119
-6.244473
0.553838
-6.509974
