3.737076
1.738256
1.897983
-4.184400
-4.486609
-2.032996
-2.110109
4.640574
4.657023
2.099493
1.979085
-4.558949
-4.378402
-1.738074
-1.378948
4.152144
3.916721
0.917783
0.382677
-3.703671
3.535534
-0.189469
-0.757425
-3.423226
-3.365175
1.280747
1.724818
3.348326
3.350907
-2.065121
-2.290100
-3.346534
-3.309083
2.402219
2.416999
3.217591
3.060447
-2.360169
-2.263299
-2.838219
-2.564632
2.158517
2.073076
2.265468
1.975456
-2.024560
-2.017474
-1.733526
-1.577024
2.041773
2.073627
1.535694
1.626283
-2.078443
-2.015784
-1.848586
-2.183584
1.845621
1.535042
2.594081
3.027899
-1.064549
-0.432973
-3.423371
-3.716534
-0.339731
-1.212350
3.849156
3.776616
2.125138
3.005202
-3.474579
-2.943553
-3.774049
-4.356416
2.210640
1.328105
4.689359
4.730467
-0.368803
0.581118
-4.464127
-3.904990
-1.431454
-2.098072
3.098081
2.115396
2.512734
2.631422
-1.049263
-0.003136
-2.440119
-1.957290
-0.919169
-1.624591
1.232682
0.342492
2.040997
2.125231
0.618586
1.547571
-1.868050
-1.295363
-2.344501
-2.923528
0.465579
-0.536662
3.222514
3.210006
1.609664
2.645706
-2.888772
-2.295481
-3.542683
-4.215003
1.496571
0.580782
4.602526
4.676507
0.350753
1.195717
-4.441956
-3.936146
-1.861819
-2.276701
3.223568
2.387946
2.395462
2.204953
-1.522331
-0.718457
-1.724449
-1.002695
0.056628
-0.402716
0.111785
-0.861340
0.624824
0.603246
1.824692
2.691166
-0.359067
0.063018
-3.387437
-3.860823
-0.601192
-1.184656
4.083424
4.053174
1.742378
2.211354
-3.791854
-3.340487
-2.543384
-2.709626
2.752823
2.087853
2.702457
2.534574
-1.402351
-0.744380
-2.235599
-1.846766
0.148556
-0.366445
1.414494
0.983754
0.797928
1.156946
-0.592123
-0.265288
-1.464227
-1.744953
0.014539
-0.163521
2.023202
2.316869
0.285109
0.375608
-2.633810
-2.969729
-0.464733
-0.581238
3.308074
3.621928
0.747974
0.977978
-3.877580
-4.039247
-1.272152
-1.618824
4.074241
3.957857
1.995221
2.370609
-3.677281
-3.233970
-2.710617
-2.982119
2.644190
1.937639
3.157953
3.220820
-1.154371
-0.340443
-3.165808
-3.001196
-0.457106
-1.195257
2.747449
2.434551
1.839324
2.366022
-2.098079
-1.774578
-2.764917
-3.038105
1.496878
1.290029
3.198250
3.265301
-1.168396
-1.134294
-3.262432
-3.211799
1.178347
1.281460
3.130780
3.029221
-1.418107
-1.560422
-2.908106
-2.759825
1.682498
1.764249
2.569971
2.320399
-1.794277
-1.771330
-1.993052
-1.573969
1.704148
1.609722
1.056856
0.445646
-1.510247
-1.429207
0.244373
0.987072
1.387215
1.398197
-1.747622
-2.486007
-1.466550
-1.585690
3.161439
3.737076
1.738256
1.897983
-4.184400
-4.486609
-2.032996
-2.110109
4.640574
4.657023
2.099493
1.979085
-4.558949
-4.378402
-1.738074
-1.378948
4.152144
3.916721
0.917783
0.382677
-3.703671
1.724448
-0.718452
-0.056625
-1.002693
-0.111782
-0.402719
-0.624825
-0.861343
-1.824695
0.603246
0.359066
2.691170
3.387440
0.063021
0.601195
-3.860825
-4.083424
-1.184660
1.742382
-4.053173
-3.791853
-2.211357
-2.543387
3.340484
2.752819
2.709629
2.702458
-2.087849
-1.402347
-2.534574
-2.235598
0.744376
0.148552
1.846764
1.414492
0.366448
0.797930
-0.983751
-0.592120
-1.156947
-1.464227
0.265285
0.014536
1.744953
2.023201
0.163524
0.285111
-2.316868
-2.633809
-0.375611
-0.464735
2.969728
3.308073
0.581240
0.747976
-3.621926
-3.877579
-0.977980
-1.272154
4.039246
4.074239
1.618826
1.995223
-3.957855
-3.677280
-2.370611
-2.710619
3.233968
2.644187
2.982121
3.157954
-1.937636
-1.154368
-3.220821
-3.165809
0.340441
-0.457109
3.001197
2.747449
1.195261
1.839327
-2.434550
-2.098078
-2.366025
-2.764920
1.774576
1.496876
3.038108
3.198251
-1.290027
-1.168394
-3.265303
-3.262434
1.134292
1.178345
3.211801
3.130781
-1.281458
-1.418105
-3.029222
-2.908107
1.560420
1.682496
2.759825
2.569971
-1.764247
-1.794276
-2.320399
-1.993051
1.771329
1.704147
1.573968
1.056855
-1.609722
-1.510247
-0.445645
0.244375
1.429208
1.387215
-0.987073
-1.747623
-1.398197
-1.466550
2.486008
3.161439
1.585691
1.738258
-3.737077
-4.184400
-1.897984
-2.032997
4.486609
4.640574
2.110110
2.099493
-4.657024
-4.558949
-1.979085
-1.738075
4.378403
4.152145
1.378949
0.917784
-3.916722
-3.703673
-0.382678
0.189468
3.535536
3.423228
-0.757424
-1.280745
-3.365176
-3.348328
1.724817
2.065119
3.350908
3.346535
-2.290098
-2.402216
-3.309084
-3.217591
2.416996
2.360167
3.060447
2.838218
-2.263298
-2.158516
-2.564632
-2.265468
2.073075
2.024559
1.975456
1.733527
-2.017474
-2.041772
-1.577026
-1.535696
2.073627
2.078442
1.626286
1.848589
-2.015783
-1.845617
-2.183587
-2.594084
1.535038
1.064544
3.027901
3.423373
-0.432968
0.339737
-3.716534
-3.849155
-1.212357
-2.125143
3.776614
3.474575
3.005207
3.774053
-2.943548
-2.210634
-4.356418
-4.689361
1.328099
0.368796
4.730466
4.464124
0.581124
1.431459
-3.904986
-3.098076
-2.098075
-2.512736
2.115391
1.049257
2.631422
2.440117
-0.003131
0.919173
-1.957287
-1.232677
-1.624593
-2.040998
0.342487
-0.618591
2.125229
1.868046
1.547575
2.344504
-1.295359
-0.465573
-2.923530
-3.222514
-0.536669
-1.609671
3.210004
2.888768
2.645712
3.542687
-2.295476
-1.496564
-4.215007
-4.602528
0.580775
-0.350760
4.676507
4.441954
1.195724
1.861825
-3.936142
-3.223564
-2.276706
-2.395465
2.387941
1.522325
2.204954
1.724448
-0.718452
-0.056625
-1.002693
-0.111782
-0.402719
-0.624825
-0.861343
-1.824695
0.603246
0.359066
2.691170
3.387440
0.063021
0.601195
-3.860825
-4.083424
-1.184660
-1.681190
2.305975
2.175871
1.346782
0.930955
-1.983200
-1.745627
-0.425762
0.167364
1.487435
1.235754
-0.835978
-1.556594
-1.016309
-0.849308
2.296319
3.015962
0.746100
-0.707103
3.674232
4.232450
0.721339
0.767669
-4.659149
-4.933878
-0.817597
-0.839240
5.049706
5.014032
0.801945
0.680866
-4.847566
-4.581603
-0.460865
-0.139138
4.253950
3.904049
-0.273822
-0.755108
-3.567984
-3.274052
1.272045
1.786251
3.039532
2.869116
-2.258567
-2.654175
-2.755212
-2.680104
2.947175
3.123950
2.619636
2.547914
-3.184830
-3.143757
-2.442299
-2.287972
3.025977
2.864033
2.081336
1.831697
-2.692607
-2.542931
-1.560920
-1.300977
2.437565
2.386344
1.089686
0.965145
-2.384113
-2.410683
-0.959638
-1.093835
2.433114
2.410113
1.372190
1.780225
-2.298046
-2.057773
-2.284255
-2.833724
1.661412
1.098076
3.366024
3.813311
-0.377710
0.467599
-4.110530
-4.203697
-1.385177
-2.306179
4.057352
3.660208
3.152426
3.844963
-3.028179
-2.204277
-4.313321
-4.504365
1.255235
0.265138
4.389610
3.970029
0.673284
1.468758
-3.277651
-2.373633
-2.041761
-2.333814
1.342893
0.285823
2.314612
1.986117
0.692026
1.491153
-1.383023
-0.569506
-2.028898
-2.248597
-0.367468
-1.327514
2.125971
1.672016
2.207841
2.914634
-0.932003
0.019318
-3.373484
-3.537654
-1.085777
-2.160193
3.393226
2.960525
3.135935
3.918316
-2.291665
-1.464518
-4.434533
-4.641013
0.573835
-0.279446
4.527392
4.116712
0.999443
1.505828
-3.461888
-2.638959
-1.742385
-1.682684
1.737945
0.852463
1.332279
0.727280
-0.069323
0.540682
0.070455
0.980824
-0.929746
-1.077085
-1.914738
-2.783976
0.989633
0.699508
3.510483
4.034027
-0.258660
0.268494
-4.317420
-4.348780
-0.813478
-1.312108
4.140742
3.726892
1.711774
1.976798
-3.156006
-2.484964
-2.091299
-2.059350
1.771299
1.066355
1.902555
1.655507
-0.409899
0.173207
-1.359847
-1.057795
-0.673970
-1.097882
0.786045
0.570848
1.461542
1.787874
-0.424885
-0.346282
-2.100708
-2.419548
0.319820
0.320047
2.755296
3.107530
-0.315815
-0.275497
-3.463696
-3.800319
0.172156
-0.012108
4.085999
4.285747
0.283213
0.633970
-4.366024
-4.299754
-1.044876
-1.486700
4.070576
3.675771
1.924451
2.322137
-3.127422
-2.451677
-2.647651
-2.877053
1.686208
0.876237
2.997695
3.009723
-0.069669
0.687998
-2.925800
-2.769093
-1.358307
-1.913403
2.569855
2.361085
2.338090
2.630148
-2.173913
-2.033350
-2.798929
-2.862503
1.955022
1.943311
2.843810
2.766421
-1.991168
-2.081588
-2.650535
-2.509810
2.190499
2.290649
2.349488
2.166072
-2.355885
-2.365203
-1.948585
-1.681190
2.305975
2.175871
1.346782
0.930955
-1.983200
-1.745627
-0.425762
0.167364
1.487435
1.235754
-0.835978
-1.556594
-1.016309
-0.849308
2.296319
3.015962
0.746100
-3.552166
0.201057
0.666080
3.647241
3.743720
-1.030379
-1.284977
-3.812938
-3.828468
1.434676
1.496488
3.770850
3.631365
-1.496300
-1.464221
-3.414253
-3.136978
1.429273
-1.414213
-2.828427
-2.525212
1.431251
1.479336
2.266533
2.088288
-1.543501
-1.596426
-2.017244
-2.066125
1.602119
1.521293
2.230373
2.487143
-1.317716
-0.964711
-2.796811
-3.106947
0.450860
-0.215953
3.358338
3.492401
1.006818
1.872818
-3.459045
-3.223980
-2.748814
-3.559697
2.774488
2.122803
4.228446
4.685056
-1.306563
-0.386102
-4.875265
-4.767970
-0.561211
-1.449035
4.360337
3.679880
2.191610
2.713710
-2.783099
-1.750718
-2.959774
-2.901106
0.679942
-0.325445
2.540183
1.911494
1.166045
1.757611
-1.078696
-0.128329
-2.040377
-1.985816
-0.839228
-1.720581
1.600021
0.923261
2.420679
2.863376
-0.025741
1.000000
-3.000000
-2.814883
-2.049164
-3.016117
2.327224
1.589034
3.805831
4.344046
-0.679424
0.304126
-4.584976
-4.515737
-1.256489
-2.076365
4.156984
3.559774
2.677197
2.996273
-2.799073
-1.964707
-3.001029
-2.691877
1.150898
0.445581
2.101304
1.289466
0.079202
0.374774
-0.336860
0.664972
-0.420350
-0.224171
-1.623588
-2.455410
-0.178741
-0.731833
3.094010
3.496012
1.364517
2.000939
-3.644024
-3.546420
-2.568886
-3.007784
3.234160
2.755214
3.274827
3.348610
-2.167401
-1.530652
-3.229942
-2.939889
0.899678
0.317976
2.515459
2.003619
0.186154
0.601178
-1.454498
-0.914730
-0.931432
-1.194044
0.421782
0.000000
1.414213
1.619631
0.341233
0.607055
-1.834852
-2.076461
-0.814613
-0.988937
2.349691
2.646947
1.157861
1.346775
-2.948398
-3.224519
-1.573977
-1.847289
3.440160
3.559557
2.162401
2.503143
-3.551543
-3.394212
-2.843615
-3.151841
3.078403
2.609496
3.394388
3.541278
-2.007317
-1.304152
-3.570479
-3.471347
0.541196
-0.236091
3.246518
2.912001
0.983049
1.660624
-2.495470
-2.032997
-2.239268
-2.701435
1.564697
1.129892
3.042372
3.269151
-0.762470
-0.487063
-3.398156
-3.451422
0.316568
0.251302
3.452404
3.421815
-0.279893
-0.381725
-3.374149
-3.315393
0.530541
0.698684
3.242268
3.143071
-0.861312
-1.000000
-3.000000
-2.792585
1.105189
1.177138
2.501707
2.113575
-1.225264
-1.265976
-1.623069
-1.035896
1.319342
1.405109
0.369231
-0.349322
-1.538681
-1.727674
1.084326
1.796335
1.969607
2.251087
-2.446434
-3.000865
-2.548685
-2.831388
3.435087
3.736691
3.064356
3.213441
-3.906755
-3.959412
-3.249855
-3.154322
3.919689
3.819901
2.920108
2.554461
-3.695089
-3.578150
-2.078235
-1.523696
3.495328
3.462742
0.930791
0.342359
-3.484422
-3.552166
0.201057
0.666080
3.647241
3.743720
-1.030379
-1.284977
-3.812938
-3.828468
1.434676
1.496488
3.770850
3.631365
-1.496300
-1.464221
-3.414253
-3.136978
1.429273
1.564662
0.963777
1.240566
-1.730288
-1.937031
-1.484733
-1.721983
2.174602
2.420674
1.974043
2.254401
-2.644012
-2.808966
-2.565503
-2.897803
2.880677
2.830218
3.230747
-3.535534
2.638960
2.301544
3.779227
3.929591
-1.827074
-1.238367
-3.959956
-3.853421
0.569419
-0.138577
3.605768
3.226711
0.842056
1.500098
-2.739282
-2.177457
-2.078932
-2.555341
1.582363
0.997574
2.918511
3.170140
-0.464180
-0.016258
-3.322816
-3.396981
-0.322608
-0.541346
3.416935
3.406502
0.641685
0.636748
-3.385004
-3.364123
-0.548185
-0.402305
3.346115
3.323619
0.225785
0.041603
-3.281072
-3.197506
0.134220
0.294595
3.050308
2.819352
-0.441791
-0.586256
-2.490891
-2.060619
0.744052
0.933289
1.535403
0.933430
-1.170122
-1.464938
-0.282684
0.382039
1.819320
2.224298
-1.023190
-1.605033
-2.660184
-3.098076
2.098074
2.482728
3.502862
3.837344
-2.751688
-2.910646
-4.066910
-4.164116
2.977244
2.978390
4.112517
3.909191
-2.946296
-2.913796
-3.565562
-3.106379
2.909606
2.954197
2.566955
1.989000
-3.056885
-3.214574
-1.415628
-0.886200
3.412344
3.625820
0.431719
0.071441
-3.825016
-3.979089
0.188850
0.356605
4.061332
4.053664
-0.450368
-0.496005
-3.949940
-3.757532
0.521846
0.553448
3.496904
3.199166
-0.608753
-0.694384
-2.901859
-2.643547
0.803687
0.916875
2.457922
2.368280
-1.003362
-1.026045
-2.383173
-2.493927
0.947014
0.733925
2.674489
2.883771
-0.366158
0.160144
-3.070276
-3.178541
-0.828946
-1.603678
3.156597
2.963501
2.429333
3.237224
-2.575944
-1.992998
-3.951929
-4.499695
1.238270
0.359060
4.817259
4.860046
0.577550
1.491316
-4.608640
-4.072654
-2.297481
-2.916441
3.291407
2.331154
3.283319
3.356220
-1.279083
-0.234671
-3.122157
-2.599827
-0.700686
-1.434570
1.838789
0.915063
1.893735
2.032351
0.076456
1.031944
-1.837353
-1.330163
-1.849836
-2.441982
0.564599
-0.378881
2.743474
2.719985
1.401928
2.399069
-2.371757
-1.733742
-3.269256
-3.926858
0.871890
-0.124028
4.310847
4.391120
1.150211
2.100112
-4.171260
-3.687457
-2.875925
-3.398945
3.003756
2.204246
3.617665
3.512704
-1.383148
-0.633978
-3.098078
-2.418751
0.039081
-0.339277
1.544848
0.563286
0.465243
0.332498
0.432136
1.350974
0.036119
0.592311
-2.115535
-2.668341
-1.268792
-1.987658
2.976910
3.035386
2.669585
3.242729
-2.863023
-2.499837
-3.650265
-3.855746
2.000148
1.424905
3.845717
3.629441
-0.833828
-0.278366
-3.235907
-2.708680
-0.203681
-0.591282
2.099339
1.460467
0.880778
1.084034
-0.839085
-0.271409
-1.224545
-1.332141
-0.220499
-0.629813
1.437121
1.564662
0.963777
1.240566
-1.730288
-1.937031
-1.484733
-1.721983
2.174602
2.420674
1.974043
2.254401
-2.644012
-2.808966
-2.565503
-2.897803
2.880677
2.830218
3.230747
1.681190
-2.305975
-2.175871
-1.346782
-0.930955
1.983200
1.745627
0.425762
-0.167364
-1.487435
-1.235754
0.835978
1.556594
1.016309
0.849308
-2.296319
-3.015962
-0.746100
0.707103
-3.674232
-4.232450
-0.721339
-0.767669
4.659149
4.933878
0.817597
0.839240
-5.049706
-5.014032
-0.801945
-0.680866
4.847566
4.581603
0.460865
0.139138
-4.253950
-3.904049
0.273822
0.755108
3.567984
3.274052
-1.272045
-1.786251
-3.039532
-2.869116
2.258567
2.654175
2.755212
2.680104
-2.947175
-3.123950
-2.619636
-2.547914
3.184830
3.143757
2.442299
2.287972
-3.025977
-2.864033
-2.081336
-1.831697
2.692607
2.542931
1.560920
1.300977
-2.437565
-2.386344
-1.089686
-0.965145
2.384113
2.410683
0.959638
1.093835
-2.433114
-2.410113
-1.372190
-1.780225
2.298046
2.057773
2.284255
2.833724
-1.661412
-1.098076
-3.366024
-3.813311
0.377710
-0.467599
4.110530
4.203697
1.385177
2.306179
-4.057352
-3.660208
-3.152426
-3.844963
3.028179
2.204277
4.313321
4.504365
-1.255235
-0.265138
-4.389610
-3.970029
-0.673284
-1.468758
3.277651
2.373633
2.041761
2.333814
-1.342893
-0.285823
-2.314612
-1.986117
-0.692026
-1.491153
1.383023
0.569506
2.028898
2.248597
0.367468
1.327514
-2.125971
-1.672016
-2.207841
-2.914634
0.932003
-0.019318
3.373484
3.537654
1.085777
2.160193
-3.393226
-2.960525
-3.135935
-3.918316
2.291665
1.464518
4.434533
4.641013
-0.573835
0.279446
-4.527392
-4.116712
-0.999443
-1.505828
3.461888
2.638959
1.742385
1.682684
-1.737945
-0.852463
-1.332279
-0.727280
0.069323
-0.540682
-0.070455
-0.980824
0.929746
1.077085
1.914738
2.783976
-0.989633
-0.699508
-3.510483
-4.034027
0.258660
-0.268494
4.317420
4.348780
0.813478
1.312108
-4.140742
-3.726892
-1.711774
-1.976798
3.156006
2.484964
2.091299
2.059350
-1.771299
-1.066355
-1.902555
-1.655507
0.409899
-0.173207
1.359847
1.057795
0.673970
1.097882
-0.786045
-0.570848
-1.461542
-1.787874
0.424885
0.346282
2.100708
2.419548
-0.319820
-0.320047
-2.755296
-3.107530
0.315815
0.275497
3.463696
3.800319
-0.172156
0.012108
-4.085999
-4.285747
-0.283213
-0.633970
4.366024
4.299754
1.044876
1.486700
-4.070576
-3.675771
-1.924451
-2.322137
3.127422
2.451677
2.647651
2.877053
-1.686208
-0.876237
-2.997695
-3.009723
0.069669
-0.687998
2.925800
2.769093
1.358307
1.913403
-2.569855
-2.361085
-2.338090
-2.630148
2.173913
2.033350
2.798929
2.862503
-1.955022
-1.943311
-2.843810
-2.766421
1.991168
2.081588
2.650535
2.509810
-2.190499
-2.290649
-2.349488
-2.166072
2.355885
2.365203
1.948585
1.681190
-2.305975
-2.175871
-1.346782
-0.930955
1.983200
1.745627
0.425762
-0.167364
-1.487435
-1.235754
0.835978
1.556594
1.016309
0.849308
-2.296319
-3.015962
-0.746100
-1.085778
3.537654
3.393225
2.160194
3.135935
-2.960525
-2.291665
-3.918316
-4.434532
1.464518
0.573835
4.641011
4.527391
0.279446
0.999441
-4.116710
-3.461886
-1.505826
1.742382
-2.638958
-1.737945
-1.682680
-1.332275
0.852464
0.069324
0.727275
-0.070459
0.540679
0.929743
0.980828
1.914740
-1.077080
-0.989628
-2.783978
-3.510482
0.699502
0.258655
4.034026
4.317419
0.268498
0.813481
-4.348778
-4.140740
-1.312110
-1.711776
3.726889
3.156004
1.976799
2.091299
-2.484962
-1.771298
-2.059350
-1.902556
1.066355
0.409900
1.655509
1.359849
0.173207
0.673971
-1.057797
-0.786048
-1.097883
-1.461545
0.570852
0.424888
1.787877
2.100712
-0.346285
-0.319822
-2.419553
-2.755303
0.320048
0.315814
3.107536
3.463702
-0.275494
-0.172151
-3.800324
-4.086003
-0.012114
-0.283220
4.285749
4.366026
0.633977
1.044883
-4.299753
-4.070573
-1.486708
-1.924457
3.675766
3.127416
2.322142
2.647653
-2.451670
-1.686201
-2.877053
-2.997693
0.876231
0.069664
3.009720
2.925795
0.688003
1.358310
-2.769088
-2.569849
-1.913404
-2.338090
2.361080
2.173908
2.630147
2.798927
-2.033347
-1.955020
-2.862500
-2.843807
1.943310
1.991170
2.766420
2.650534
-2.081589
-2.190500
-2.509809
-2.349488
2.290651
2.355886
2.166073
1.948586
-2.365204
-2.305975
-1.681192
-1.346782
2.175869
1.983199
0.930955
0.425760
-1.745626
-1.487434
0.167367
0.835981
1.235753
1.016309
-1.556598
-2.296324
-0.849310
-0.746104
3.015967
3.674236
0.707109
0.721345
-4.232455
-4.659152
-0.767677
-0.817605
4.933878
5.049705
0.839249
0.801953
-5.014029
-4.847560
-0.680873
-0.460871
4.581596
4.253942
0.139141
-0.273820
-3.904042
-3.567978
0.755108
1.272047
3.274046
3.039527
-1.786254
-2.258570
-2.869113
-2.755212
2.654179
2.947178
2.680104
2.619638
-3.123953
-3.184831
-2.547916
-2.442302
3.143757
3.025976
2.287976
2.081338
-2.864030
-2.692604
-1.831699
-1.560921
2.542928
2.437562
1.300977
1.089685
-2.386342
-2.384111
-0.965144
-0.959636
2.410682
2.433113
1.093834
1.372189
-2.410113
-2.298047
-1.780224
-2.284255
2.057773
1.661412
2.833725
3.366026
-1.098076
-0.377709
-3.813312
-4.110531
-0.467600
-1.385180
4.203699
4.057353
2.306181
3.152429
-3.660207
-3.028178
-3.844966
-4.313323
2.204275
1.255232
4.504367
4.389612
-0.265135
0.673288
-3.970030
-3.277651
-1.468761
-2.041764
2.373631
1.342890
2.333816
2.314614
-0.285820
0.692030
-1.986118
-1.383023
-1.491156
-2.028901
0.569505
-0.367469
2.248599
2.125973
1.327515
2.207843
-1.672017
-0.932003
-2.914636
-3.373485
-0.019318
-1.085778
3.537654
3.393225
2.160194
3.135935
-2.960525
-2.291665
-3.918316
-4.434532
1.464518
0.573835
4.641011
4.527391
0.279446
0.999441
-4.116710
-3.461886
-1.505826
0.000000
0.000000
0.000000
0.000000
0.000000
0.000000
0.000000
0.000000
0.000000
0.000000
0.000000
0.000000
0.000000
0.000000
0.000000
0.000000
0.000000
0.000000
0.000000
0.000000
0.000000
0.000000
0.000000
0.000000
0.000000
0.000000
0.000000
0.000000
0.000000
0.000000
0.000000
0.000000
0.000000
0.000000
0.000000
0.000000
0.000000
0.000000
0.000000
0.000000
0.000000
0.000000
0.000000
0.000000
0.000000
0.000000
0.000000
0.000000
0.000000
0.000000
0.000000
0.000000
0.000000
0.000000
0.000000
0.000000
0.000000
0.000000
0.000000
0.000000
0.000000
0.000000
0.000000
0.000000
0.000000
0.000000
0.000000
0.000000
0.000000
0.000000
0.000000
0.000000
0.000000
0.000000
0.000000
0.000000
0.000000
0.000000
0.000000
0.000000
0.000000
0.000000
0.000000
0.000000
0.000000
0.000000
0.000000
0.000000
0.000000
0.000000
0.000000
0.000000
0.000000
0.000000
0.000000
0.000000
0.000000
0.000000
0.000000
0.000000
0.000000
0.000000
0.000000
0.000000
0.000000
0.000000
0.000000
0.000000
0.000000
0.000000
0.000000
0.000000
0.000000
0.000000
0.000000
0.000000
0.000000
0.000000
0.000000
0.000000
0.000000
0.000000
0.000000
0.000000
0.000000
0.000000
0.000000
0.000000
0.000000
0.000000
0.000000
0.000000
0.000000
0.000000
0.000000
0.000000
0.000000
0.000000
0.000000
0.000000
0.000000
0.000000
0.000000
0.000000
0.000000
0.000000
0.000000
0.000000
0.000000
0.000000
0.000000
0.000000
0.000000
0.000000
0.000000
0.000000
0.000000
0.000000
0.000000
0.000000
0.000000
0.000000
0.000000
0.000000
0.000000
0.000000
0.000000
0.000000
0.000000
0.000000
0.000000
0.000000
0.000000
0.000000
0.000000
0.000000
0.000000
0.000000
0.000000
0.000000
0.000000
0.000000
0.000000
0.000000
0.000000
0.000000
0.000000
0.000000
0.000000
0.000000
0.000000
0.000000
0.000000
0.000000
0.000000
0.000000
0.000000
0.000000
0.000000
0.000000
0.000000
0.000000
0.000000
0.000000
0.000000
0.000000
0.000000
0.000000
0.000000
0.000000
0.000000
0.000000
0.000000
0.000000
0.000000
0.000000
0.000000
0.000000
0.000000
0.000000
0.000000
0.000000
0.000000
0.000000
0.000000
0.000000
0.000000
0.000000
0.000000
0.000000
0.000000
0.000000
0.000000
0.000000
0.000000
0.000000
0.000000
0.000000
0.000000
0.000000
0.000000
0.000000
0.000000
0.000000
0.000000
0.000000
0.000000
0.000000
0.000000
0.000000
0.000000
0.000000
0.000000
0.000000
0.000000
0.000000
0.000000
0.000000
0.000000
0.000000
0.000000
0.000000
0.000000
0.000000
0.000000
0.000000
0.000000
0.000000
0.000000
0.000000
0.000000
0.000000
0.000000
0.000000
0.000000
0.000000
0.000000
0.000000
0.000000
0.000000
0.000000
0.000000
0.000000
0.000000
0.000000
0.000000
0.000000
0.000000
0.000000
0.000000
0.000000
0.000000
0.000000
0.000000
0.000000
0.000000
0.000000
0.000000
0.000000
0.000000
0.000000
0.000000
0.000000
0.000000
0.000000
0.000000
0.000000
0.000000
0.000000
0.000000
0.000000
0.000000
0.000000
0.000000
0.000000
0.000000
0.000000
0.000000
0.000000
0.000000
0.000000
0.000000
0.000000
0.000000
0.000000
0.000000
0.000000
0.000000
0.000000
0.000000
0.000000
0.000000
0.000000
0.000000
0.000000
0.000000
0.000000
0.000000
0.000000
0.000000
0.000000
0.000000
0.000000
0.000000
0.000000
0.000000
0.000000
0.000000
0.000000
0.000000
0.000000
0.000000
0.000000
0.000000
0.000000
0.000000
0.000000
0.000000
0.000000
0.000000
0.000000
0.000000
0.000000
0.000000
0.000000
0.000000
0.000000
0.000000
0.000000
0.000000
0.000000
0.000000
0.000000
0.000000
0.000000
0.000000
0.000000
0.000000
0.000000
0.000000
0.000000
0.000000
0.000000
0.000000
0.000000
0.000000
0.000000
0.000000
0.000000
0.000000
0.000000
0.000000
0.000000
0.000000
0.000000
0.000000
0.000000
0.000000
0.000000
0.000000
0.000000
0.000000
0.000000
0.000000
0.000000
0.000000
0.000000
0.000000
0.000000
0.000000
0.000000
0.000000
0.000000
0.000000
0.000000
0.000000
0.000000
0.000000
0.000000
0.000000
0.000000
0.000000
0.000000
0.000000
0.000000
0.000000
0.000000
0.000000
0.000000
0.000000
0.000000
0.000000
0.000000
0.000000
0.000000
0.000000
0.000000
0.000000
0.000000
0.000000
0.000000
0.000000
0.000000
0.000000
0.000000
0.000000
0.000000
0.000000
0.000000
0.000000
0.000000
0.000000
0.000000
0.000000
0.000000
0.000000
0.000000
0.000000
0.000000
0.000000
0.000000
0.000000
0.000000
0.000000
0.000000
0.000000
0.000000
0.000000
0.000000
0.000000
0.000000
0.000000
0.000000
0.000000
0.000000
0.000000
0.000000
0.000000
0.000000
0.000000
0.000000
0.000000
0.000000
0.000000
0.000000
0.000000
0.000000
0.000000
0.000000
0.000000
0.000000
0.000000
0.000000
0.000000
0.000000
0.000000
0.000000
0.000000
0.000000
0.000000
0.000000
0.000000
0.000000
0.000000
0.000000
0.000000
0.000000
0.000000
0.000000
0.000000
0.000000
0.000000
0.000000
0.000000
0.000000
0.000000
0.000000
0.000000
0.000000
0.000000
0.000000
0.000000
0.000000
0.000000
0.000000
0.000000
0.000000
0.000000
0.000000
0.000000
0.000000
0.000000
0.000000
0.000000
0.000000
0.000000
0.000000
0.000000
0.000000
0.000000
0.000000
0.000000
0.000000
0.000000
0.000000
0.000000
0.000000
0.000000
0.000000
0.000000
0.000000
0.000000
0.000000
0.000000
0.000000
0.000000
0.000000
0.000000
0.000000
0.000000
0.000000
0.000000
0.000000
0.000000
0.000000
0.000000
0.000000
0.000000
0.000000
0.000000
0.000000
0.000000
0.000000
0.000000
0.000000
0.000000
0.000000
0.000000
0.000000
0.000000
0.000000
0.000000
0.000000
0.000000
0.000000
0.000000
0.000000
0.000000
0.000000
0.000000
0.000000
0.000000
0.000000
0.000000
0.000000
0.000000
0.000000
0.000000
0.000000
0.000000
0.000000
0.000000
0.000000
0.000000
0.000000
0.000000
0.000000
0.000000
0.000000
0.000000
0.000000
0.000000
0.000000
0.000000
0.000000
0.000000
0.000000
0.000000
0.000000
0.000000
0.000000
0.000000
0.000000
0.000000
0.000000
0.000000
0.000000
0.000000
0.000000
0.000000
0.000000
0.000000
0.000000
0.000000
0.000000
0.000000
0.000000
0.000000
0.000000
0.000000
0.000000
0.000000
0.000000
0.000000
0.000000
0.000000
0.000000
0.000000
0.000000
0.000000
0.000000
0.000000
0.000000
0.000000
0.000000
0.000000
0.000000
0.000000
0.000000
0.000000
0.000000
0.000000
0.000000
0.000000
0.000000
0.000000
0.000000
0.000000
0.000000
0.000000
0.000000
0.000000
0.000000
0.000000
0.000000
0.000000
0.000000
0.000000
0.000000
0.000000
0.000000
0.000000
0.000000
0.000000
0.000000
0.000000
0.000000
0.000000
0.000000
0.000000
0.000000
0.000000
0.000000
0.000000
0.000000
0.000000
0.000000
0.000000
0.000000
0.000000
0.000000
0.000000
0.000000
0.000000
0.000000
0.000000
0.000000
0.000000
0.000000
0.000000
0.000000
0.000000
0.000000
0.000000
0.000000
0.000000
0.000000
0.000000
0.000000
0.000000
0.000000
0.000000
0.000000
0.000000
0.000000
0.000000
0.000000
0.000000
0.000000
0.000000
0.000000
0.000000
0.000000
0.000000
0.000000
0.000000
0.000000
0.000000
0.000000
0.000000
0.000000
0.000000
0.000000
0.000000
0.000000
0.000000
0.000000
0.000000
0.000000
0.000000
0.000000
0.000000
0.000000
0.000000
0.000000
0.000000
0.000000
0.000000
0.000000
0.000000
0.000000
0.000000
0.000000
0.000000
0.000000
0.000000
0.000000
0.000000
0.000000
0.000000
0.000000
0.000000
0.000000
0.000000
0.000000
0.000000
0.000000
0.000000
0.000000
0.000000
0.000000
0.000000
0.000000
0.000000
0.000000
0.000000
0.000000
0.000000
0.000000
0.000000
0.000000
0.000000
0.000000
0.000000
0.000000
0.000000
0.000000
0.000000
0.000000
0.000000
0.000000
0.000000
0.000000
0.000000
0.000000
0.000000
0.000000
0.000000
0.000000
0.000000
0.000000
0.000000
0.000000
0.000000
0.000000
0.000000
0.000000
0.000000
0.000000
0.000000
0.000000
0.000000
0.000000
0.000000
0.000000
0.000000
0.000000
0.000000
0.000000
0.000000
0.000000
0.000000
0.000000
0.000000
0.000000
0.000000
0.000000
0.000000
0.000000
0.000000
0.000000
0.000000
0.000000
0.000000
0.000000
0.000000
0.000000
0.000000
0.000000
0.000000
0.000000
0.000000
0.000000
0.000000
0.000000
0.000000
0.000000
0.000000
0.000000
0.000000
0.000000
0.000000
0.000000
0.000000
0.000000
0.000000
0.000000
0.000000
0.000000
0.000000
0.000000
0.000000
0.000000
0.000000
0.000000
0.000000
0.000000
0.000000
0.000000
0.000000
0.000000
0.000000
0.000000
0.000000
0.000000
0.000000
0.000000
0.000000
0.000000
0.000000
0.000000
0.000000
0.000000
0.000000
0.000000
0.000000
0.000000
0.000000
0.000000
0.000000
0.000000
0.000000
0.000000
0.000000
0.000000
0.000000
0.000000
0.000000
0.000000
0.000000
0.000000
0.000000
0.000000
0.000000
0.000000
0.000000
0.000000
0.000000
0.000000
0.000000
0.000000
0.000000
0.000000
0.000000
0.000000
0.000000
0.000000
0.000000
0.000000
0.000000
0.000000
0.000000
0.000000
0.000000
0.000000
0.000000
0.000000
0.000000
0.000000
0.000000
0.000000
0.000000
0.000000
0.000000
0.000000
0.000000
0.000000
0.000000
0.000000
0.000000
0.000000
0.000000
0.000000
0.000000
0.000000
0.000000
0.000000
0.000000
0.000000
0.000000
0.000000
0.000000
0.000000
0.000000
0.000000
0.000000
0.000000
0.000000
0.000000
0.000000
0.000000
0.000000
0.000000
0.000000
0.000000
0.000000
0.000000
0.000000
0.000000
0.000000
0.000000
0.000000
0.000000
0.000000
0.000000
0.000000
0.000000
0.000000
0.000000
0.000000
0.000000
0.000000
0.000000
0.000000
0.000000
0.000000
0.000000
0.000000
0.000000
0.000000
0.000000
0.000000
0.000000
0.000000
0.000000
0.000000
0.000000
0.000000
0.000000
0.000000
0.000000
0.000000
0.000000
0.000000
0.000000
0.000000
0.000000
0.000000
0.000000
0.000000
0.000000
0.000000
0.000000
0.000000
0.000000
0.000000
0.000000
0.000000
0.000000
0.000000
0.000000
0.000000
0.000000
0.000000
0.000000
0.000000
0.000000
0.000000
0.000000
0.000000
0.000000
0.000000
0.000000
0.000000
0.000000
0.000000
0.000000
0.000000
0.000000
0.000000
0.000000
0.000000
0.000000
0.000000
0.000000
0.000000
0.000000
0.000000
0.000000
0.000000
0.000000
0.000000
0.000000
0.000000
0.000000
0.000000
0.000000
0.000000
0.000000
0.000000
0.000000
0.000000
0.000000
0.000000
0.000000
0.000000
0.000000
0.000000
0.000000
0.000000
0.000000
0.000000
0.000000
0.000000
0.000000
0.000000
0.000000
0.000000
0.000000
0.000000
0.000000
0.000000
0.000000
0.000000
0.000000
0.000000
0.000000
0.000000
0.000000
0.000000
0.000000
0.000000
0.000000
0.000000
0.000000
0.000000
0.000000
0.000000
0.000000
0.000000
0.000000
0.000000
0.000000
0.000000
0.000000
0.000000
0.000000
0.000000
0.000000
0.000000
0.000000
0.000000
0.000000
0.000000
0.000000
0.000000
0.000000
0.000000
0.000000
0.000000
0.000000
0.000000
0.000000
0.000000
0.000000
0.000000
0.000000
0.000000
0.000000
0.000000
0.000000
0.000000
0.000000
0.000000
0.000000
0.000000
0.000000
0.000000
0.000000
0.000000
0.000000
0.000000
0.000000
0.000000
0.000000
0.000000
0.000000
0.000000
0.000000
0.000000
0.000000
0.000000
0.000000
0.000000
0.000000
0.000000
0.000000
0.000000
0.000000
0.000000
0.000000
0.000000
0.000000
0.000000
0.000000
0.000000
0.000000
0.000000
0.000000
0.000000
0.000000
0.000000
0.000000
0.000000
0.000000
0.000000
0.000000
0.000000
0.000000
0.000000
0.000000
0.000000
0.000000
0.000000
0.000000
0.000000
0.000000
0.000000
0.000000
0.000000
0.000000
0.000000
0.000000
0.000000
0.000000
0.000000
0.000000
0.000000
0.000000
0.000000
0.000000
0.000000
0.000000
0.000000
0.000000
0.000000
0.000000
0.000000
0.000000
0.000000
0.000000
0.000000
0.000000
0.000000
0.000000
0.000000
0.000000
0.000000
0.000000
0.000000
0.000000
0.000000
0.000000
0.000000
0.000000
0.000000
0.000000
0.000000
0.000000
0.000000
0.000000
0.000000
0.000000
0.000000
0.000000
0.000000
0.000000
0.000000
0.000000
0.000000
0.000000
0.000000
0.000000
0.000000
0.000000
0.000000
0.000000
0.000000
0.000000
0.000000
0.000000
0.000000
0.000000
0.000000
0.000000
0.000000
0.000000
0.000000
0.000000
0.000000
0.000000
0.000000
0.000000
0.000000
0.000000
0.000000
0.000000
0.000000
0.000000
0.000000
0.000000
0.000000
0.000000
0.000000
0.000000
0.000000
0.000000
0.000000
0.000000
0.000000
0.000000
0.000000
0.000000
0.000000
0.000000
0.000000
0.000000
0.000000
0.000000
0.000000
0.000000
0.000000
0.000000
0.000000
0.000000
0.000000
0.000000
0.000000
0.000000
0.000000
0.000000
0.000000
0.000000
0.000000
0.000000
0.000000
0.000000
0.000000
0.000000
0.000000
0.000000
0.000000
0.000000
0.000000
0.000000
0.000000
0.000000
0.000000
0.000000
0.000000
0.000000
0.000000
0.000000
0.000000
0.000000
0.000000
0.000000
0.000000
0.000000
0.000000
0.000000
0.000000
0.000000
0.000000
0.000000
0.000000
0.000000
0.000000
0.000000
0.000000
0.000000
0.000000
0.000000
0.000000
0.000000
0.000000
0.000000
0.000000
0.000000
0.000000
0.000000
0.000000
0.000000
0.000000
0.000000
0.000000
0.000000
0.000000
0.000000
0.000000
0.000000
0.000000
0.000000
0.000000
0.000000
0.000000
0.000000
0.000000
0.000000
0.000000
0.000000
0.000000
0.000000
0.000000
0.000000
0.000000
0.000000
0.000000
0.000000
0.000000
0.000000
0.000000
0.000000
0.000000
0.000000
0.000000
0.000000
0.000000
0.000000
0.000000
0.000000
0.000000
0.000000
0.000000
0.000000
0.000000
0.000000
0.000000
0.000000
0.000000
0.000000
0.000000
0.000000
0.000000
0.000000
0.000000
0.000000
0.000000
0.000000
0.000000
0.000000
0.000000
0.000000
0.000000
0.000000
0.000000
0.000000
0.000000
0.000000
0.000000
0.000000
0.000000
0.000000
0.000000
0.000000
0.000000
0.000000
0.000000
0.000000
0.000000
0.000000
0.000000
0.000000
0.000000
0.000000
0.000000
0.000000
0.000000
0.000000
0.000000
0.000000
0.000000
0.000000
0.000000
0.000000
0.000000
0.000000
0.000000
0.000000
0.000000
0.000000
0.000000
0.000000
0.000000
0.000000
0.000000
0.000000
0.000000
0.000000
0.000000
0.000000
0.000000
0.000000
0.000000
0.000000
0.000000
0.000000
0.000000
0.000000
0.000000
0.000000
0.000000
0.000000
0.000000
0.000000
0.000000
0.000000
0.000000
0.000000
0.000000
0.000000
0.000000
0.000000
0.000000
0.000000
0.000000
0.000000
0.000000
0.000000
0.000000
0.000000
0.000000
0.000000
0.000000
0.000000
0.000000
0.000000
0.000000
0.000000
0.000000
0.000000
0.000000
0.000000
0.000000
0.000000
0.000000
0.000000
0.000000
0.000000
0.000000
0.000000
0.000000
0.000000
0.000000
0.000000
0.000000
0.000000
0.000000
0.000000
0.000000
0.000000
0.000000
0.000000
0.000000
0.000000
0.000000
0.000000
0.000000
0.000000
0.000000
0.000000
0.000000
0.000000
0.000000
0.000000
0.000000
0.000000
0.000000
0.000000
0.000000
0.000000
0.000000
0.000000
0.000000
0.000000
0.000000
0.000000
0.000000
0.000000
0.000000
0.000000
0.000000
0.000000
0.000000
0.000000
0.000000
0.000000
0.000000
0.000000
0.000000
0.000000
0.000000
0.000000
0.000000
0.000000
0.000000
0.000000
0.000000
0.000000
0.000000
0.000000
0.000000
0.000000
0.000000
0.000000
0.000000
0.000000
0.000000
0.000000
0.000000
0.000000
0.000000
0.000000
0.000000
0.000000
0.000000
0.000000
0.000000
0.000000
0.000000
0.000000
0.000000
0.000000
0.000000
0.000000
0.000000
0.000000
0.000000
0.000000
0.000000
0.000000
0.000000
0.000000
0.000000
0.000000
0.000000
0.000000
0.000000
0.000000
0.000000
0.000000
0.000000
0.000000
0.000000
0.000000
0.000000
0.000000
0.000000
0.000000
0.000000
0.000000
0.000000
0.000000
0.000000
0.000000
0.000000
0.000000
0.000000
0.000000
0.000000
0.000000
0.000000
0.000000
0.000000
0.000000
0.000000
0.000000
0.000000
0.000000
0.000000
0.000000
0.000000
0.000000
0.000000
0.000000
0.000000
0.000000
0.000000
0.000000
0.000000
0.000000
0.000000
0.000000
0.000000
0.000000
0.000000
0.000000
0.000000
0.000000
0.000000
0.000000
0.000000
0.000000
0.000000
0.000000
0.000000
0.000000
0.000000
0.000000
0.000000
0.000000
0.000000
0.000000
0.000000
0.000000
0.000000
0.000000
0.000000
0.000000
0.000000
0.000000
0.000000
0.000000
0.000000
0.000000
0.000000
0.000000
0.000000
0.000000
0.000000
0.000000
0.000000
0.000000
0.000000
0.000000
0.000000
0.000000
0.000000
0.000000
0.000000
0.000000
0.000000
0.000000
0.000000
0.000000
0.000000
0.000000
0.000000
0.000000
0.000000
0.000000
0.000000
0.000000
0.000000
0.000000
0.000000
0.000000
0.000000
0.000000
0.000000
0.000000
0.000000
0.000000
0.000000
0.000000
0.000000
0.000000
0.000000
0.000000
0.000000
0.000000
0.000000
0.000000
0.000000
0.000000
0.000000
0.000000
0.000000
0.000000
0.000000
0.000000
0.000000
0.000000
0.000000
0.000000
0.000000
0.000000
0.000000
0.000000
0.000000
0.000000
0.000000
0.000000
0.000000
0.000000
0.000000
0.000000
0.000000
0.000000
0.000000
0.000000
0.000000
0.000000
0.000000
0.000000
0.000000
0.000000
0.000000
0.000000
0.000000
0.000000
0.000000
0.000000
0.000000
0.000000
0.000000
0.000000
0.000000
0.000000
0.000000
0.000000
0.000000
0.000000
0.000000
0.000000
0.000000
0.000000
0.000000
0.000000
0.000000
0.000000
0.000000
0.000000
0.000000
0.000000
0.000000
0.000000
0.000000
0.000000
0.000000
0.000000
0.000000
0.000000
0.000000
0.000000
0.000000
0.000000
0.000000
0.000000
0.000000
0.000000
0.000000
0.000000
0.000000
0.000000
0.000000
0.000000
0.000000
0.000000
0.000000
0.000000
0.000000
0.000000
0.000000
0.000000
0.000000
0.000000
0.000000
0.000000
0.000000
0.000000
0.000000
0.000000
0.000000
0.000000
0.000000
0.000000
0.000000
0.000000
0.000000
0.000000
0.000000
0.000000
0.000000
0.000000
0.000000
0.000000
0.000000
0.000000
0.000000
0.000000
0.000000
0.000000
0.000000
0.000000
0.000000
0.000000
0.000000
0.000000
0.000000
0.000000
0.000000
0.000000
0.000000
0.000000
0.000000
0.000000
0.000000
0.000000
0.000000
0.000000
0.000000
0.000000
0.000000
0.000000
0.000000
0.000000
0.000000
0.000000
0.000000
0.000000
0.000000
0.000000
0.000000
0.000000
0.000000
0.000000
0.000000
0.000000
0.000000
0.000000
0.000000
0.000000
0.000000
0.000000
0.000000
0.000000
0.000000
0.000000
0.000000
0.000000
0.000000
0.000000
0.000000
0.000000
0.000000
0.000000
0.000000
0.000000
0.000000
